1629811	23.0
1637677	24.0
1637690	23.0
1637796	24.0
1638221	23.0
1638267	24.0
1638390	23.0
1638843	24.0
1640078	20.0
1640079	19.0
1648591	18.0
1649386	19.0
1651162	18.0
1651175	19.0
1651651	18.0
1651775	19.0
1652235	18.0
1654369	14.0
1654370	5.0
1654371	1.0
1654372	0.0
1721610	18.0
1721621	17.0
1721622	12.0
1721623	4.0
1721624	1.0
1721625	0.0
1721628	18.0
1721639	17.0
1721640	12.0
1721641	4.0
1721642	1.0
1721643	0.0
1721653	18.0
1721664	17.0
1721665	12.0
1721666	4.0
1721667	1.0
1721668	0.0
1721691	18.0
1721705	17.0
1721706	12.0
1721707	4.0
1721708	1.0
1721709	0.0
1721841	18.0
1723816	17.0
1723817	12.0
1723818	4.0
1723819	1.0
1723820	0.0
2230114	19.0
2230124	18.0
2230125	11.0
2230126	5.0
2230127	2.0
2230128	1.0
2230129	0.0
2233623	20.0
2233636	19.0
2233637	12.0
2233638	5.0
2233639	2.0
2233640	1.0
2233641	0.0
2234041	21.0
2236625	20.0
2237263	19.0
2237925	23.0
2237938	20.0
2237939	19.0
2238159	23.0
2238276	24.0
2238289	23.0
2238292	24.0
2238664	23.0
2238780	24.0
2239340	25.0
2239353	24.0
2240660	25.0
2241749	24.0
2241750	23.0
2241832	25.0
2241897	24.0
2241898	23.0
2241951	25.0
2242133	24.0
2242162	23.0
2242163	22.0
2242207	24.0
2242208	24.0
2242313	25.0
2242326	24.0
2242448	25.0
2242611	24.0
2242679	25.0
2242692	24.0
2242705	25.0
2242718	24.0
2242729	25.0
2244665	26.0
2245773	25.0
2247792	24.0
2247962	25.0
2247970	24.0
2248397	25.0
2248409	24.0
2248424	25.0
2248435	24.0
2251900	23.0
2257945	22.0
2257946	20.0
2257947	16.0
2257948	13.0
2257949	8.0
2257950	5.0
2257951	4.0
2257952	2.0
2257953	1.0
2257954	0.0
2317110	1.0
2317125	0.0
2317561	1.0
2317576	0.0
2317839	1.0
2317950	24.0
2318807	25.0
2318823	24.0
2318885	25.0
2319062	23.0
2319063	22.0
2319064	20.0
2319065	16.0
2319066	8.0
2319067	3.0
2319068	1.0
2319069	0.0
2319113	24.0
2319157	25.0
2319174	24.0
2319177	25.0
2319234	23.0
2319235	21.0
2319236	18.0
2319237	10.0
2319238	5.0
2319239	2.0
2319240	1.0
2319242	0.0
2320641	1.0
2320656	0.0
2321829	23.0
2321838	21.0
2321839	20.0
2321840	18.0
2321841	14.0
2321842	6.0
2321843	1.0
2321844	0.0
2322578	24.0
2322587	22.0
2322588	21.0
2322589	19.0
2322590	24.0
2322591	25.0
2322599	23.0
2322600	22.0
2322601	20.0
2322602	16.0
2322603	8.0
2322604	3.0
2322605	2.0
2322606	0.0
2322615	24.0
2322616	25.0
2322624	23.0
2322625	22.0
2322626	20.0
2322627	16.0
2322628	8.0
2322629	3.0
2322630	2.0
2322631	0.0
2322686	25.0
2322761	24.0
2323279	25.0
2323294	24.0
2323802	25.0
2323852	24.0
2329912	25.0
2329922	23.0
2329923	22.0
2329924	20.0
2329925	17.0
2329926	9.0
2329927	3.0
2329928	0.0
2732674	1.0
2732690	0.0
2735458	23.0
2735671	21.0
2735672	14.0
2735673	6.0
2735674	4.0
2735675	3.0
2735676	2.0
2735677	1.0
2735688	23.0
2735696	23.0
2735697	21.0
2735698	14.0
2735699	6.0
2735700	4.0
2735701	3.0
2735702	2.0
2735703	1.0
2736226	23.0
2736711	22.0
2736712	20.0
2736713	13.0
2736714	6.0
2736715	4.0
2736716	3.0
2736717	2.0
2736718	1.0
2737148	0.0
2828039	22.0
2828049	21.0
2828050	16.0
2828051	12.0
2828052	6.0
2828053	4.0
2828054	1.0
2828055	0.0
2828064	22.0
2828090	21.0
2828091	16.0
2828092	12.0
2828093	6.0
2828094	4.0
2828095	2.0
2828096	1.0
2828213	0.0
2831573	1.0
2831588	0.0
2831710	2.0
2831724	1.0
2831725	0.0
2831806	1.0
2831847	3.0
2835698	22.0
2835766	21.0
2835767	16.0
2835768	9.0
2835769	4.0
2835770	3.0
2860786	2.0
2860787	0.0
2925642	16.0
2925653	13.0
2925654	9.0
2925655	6.0
2925656	4.0
2925657	1.0
2925658	0.0
2929733	17.0
2931019	14.0
2931020	10.0
2931021	7.0
2931022	5.0
2931023	1.0
2931024	0.0
3440874	18.0
3440885	19.0
3440897	18.0
3440899	17.0
3440900	19.0
3440919	20.0
3441061	22.0
3441066	22.0
3441072	21.0
3441073	20.0
3441096	19.0
3441097	18.0
3441098	14.0
3441099	8.0
3441100	3.0
3441101	1.0
3441102	0.0
3444431	19.0
3444440	18.0
3444442	17.0
3444443	12.0
3444444	5.0
3444445	1.0
3444446	0.0
3444453	19.0
3444462	18.0
3444464	17.0
3444465	12.0
3444466	5.0
3444467	1.0
3444468	0.0
3444480	20.0
3444489	19.0
3444491	18.0
3444492	13.0
3444493	6.0
3444494	20.0
3444503	20.0
3444508	19.0
3444509	18.0
3444513	17.0
3444514	16.0
3444515	12.0
3444516	6.0
3444517	1.0
3444518	0.0
3444525	1.0
3444540	0.0
4042430	1.0
4042445	0.0
4042628	1.0
4042643	0.0
4042657	1.0
4042672	0.0
4042703	1.0
4042721	0.0
4132214	15.0
4132339	13.0
4132341	4.0
4132343	1.0
4132346	0.0
4134522	15.0
4135726	13.0
4135728	4.0
4135730	1.0
4135733	0.0
4135817	15.0
4135827	13.0
4135828	11.0
4135829	7.0
4135830	4.0
4135831	1.0
4135832	0.0
4135838	15.0
4135846	13.0
4135848	4.0
4135850	1.0
4135853	0.0
4232502	1.0
4232592	0.0
4233409	1.0
4233425	0.0
4234666	1.0
4235401	0.0
4236040	1.0
4236055	0.0
4236646	1.0
4236666	0.0
4643488	1.0
4643504	0.0
4643708	1.0
4643723	0.0
4647242	1.0
4647264	0.0
4647272	1.0
4647296	0.0
4734592	1.0
4734608	0.0
4736238	1.0
4736264	0.0
4736272	1.0
4736297	0.0
4739796	1.0
4739840	0.0
4740972	14.0
4740978	13.0
4740981	12.0
4740982	10.0
4740983	7.0
4740984	5.0
4740985	3.0
4740986	1.0
4740987	0.0
4741004	14.0
4741010	13.0
4741013	12.0
4741014	10.0
4741015	7.0
4741016	5.0
4741017	3.0
4741018	1.0
4741019	0.0
