1	1.0
387	0.0
622	1.0
637	0.0
160988	1.0
161003	0.0
241279	1.0
284275	0.0
330630	1.0
413913	0.0
452126	1.0
452254	0.0
453512	1.0
453527	0.0
453898	1.0
453913	0.0
454256	1.0
460992	0.0
461011	1.0
461217	0.0
461691	1.0
461823	0.0
461846	1.0
461861	0.0
461871	1.0
463060	0.0
463082	1.0
463097	0.0
463363	1.0
463378	0.0
500434	1.0
500449	0.0
500905	1.0
500920	0.0
500926	1.0
500941	0.0
583402	1.0
583420	0.0
583431	1.0
583446	0.0
583457	1.0
583484	0.0
668623	1.0
668638	0.0
668881	1.0
668896	0.0
669120	1.0
674641	0.0
675741	1.0
675756	0.0
675924	1.0
675939	0.0
765416	1.0
765432	0.0
765450	1.0
765466	0.0
765830	1.0
766607	0.0
766841	1.0
767031	0.0
767062	1.0
767157	0.0
769846	1.0
769906	0.0
770724	1.0
770739	0.0
772013	1.0
772028	0.0
773333	1.0
773348	0.0
774341	1.0
774356	0.0
774404	1.0
774420	0.0
774531	1.0
775039	0.0
775049	1.0
775132	0.0
775144	1.0
775204	0.0
775532	1.0
775565	0.0
775851	1.0
775867	0.0
796628	1.0
796915	0.0
798443	1.0
799703	0.0
800969	1.0
814407	0.0
814417	1.0
814433	0.0
815043	1.0
831700	0.0
832113	1.0
833035	0.0
833045	1.0
833695	0.0
836292	1.0
836550	0.0
837508	1.0
838201	0.0
838674	1.0
839207	0.0
842040	1.0
842180	0.0
843577	1.0
847002	2.0
849475	1.0
849476	0.0
850292	2.0
850306	1.0
850307	0.0
850749	2.0
855228	1.0
855229	0.0
855332	2.0
855642	1.0
855643	0.0
855685	2.0
857123	1.0
857124	0.0
857198	2.0
857448	1.0
857449	0.0
882009	1.0
882783	0.0
882793	1.0
882809	0.0
883110	1.0
883565	0.0
883864	1.0
883879	0.0
884884	1.0
885333	0.0
885700	1.0
886197	0.0
886991	1.0
887006	0.0
887377	1.0
887906	0.0
888141	1.0
888879	0.0
890213	1.0
891518	0.0
896160	1.0
899045	0.0
899157	1.0
901303	0.0
901629	1.0
920786	0.0
920943	1.0
921362	0.0
921616	1.0
922293	0.0
928239	2.0
928254	1.0
928255	0.0
929716	2.0
932889	1.0
932890	0.0
932985	2.0
936617	1.0
936618	0.0
936754	2.0
937484	1.0
937485	0.0
937604	2.0
937618	1.0
937619	0.0
937873	2.0
937887	1.0
937888	0.0
938237	2.0
938251	1.0
938252	0.0
938568	2.0
942250	1.0
942603	2.0
942618	1.0
942691	2.0
943332	1.0
943333	0.0
943349	2.0
943793	0.0
969086	1.0
969114	0.0
970279	1.0
970295	0.0
970687	1.0
971190	0.0
972042	1.0
995379	0.0
995385	1.0
995401	0.0
995457	1.0
995472	0.0
997282	1.0
997978	0.0
998162	1.0
999095	0.0
999105	1.0
1003575	0.0
1003585	1.0
1003601	0.0
1003616	1.0
1003631	0.0
1006241	1.0
1012689	3.0
1015568	2.0
1015569	1.0
1017503	3.0
1017786	2.0
1017787	1.0
1018042	3.0
1018759	2.0
1018760	1.0
1019013	3.0
1019696	2.0
1019697	1.0
1020252	3.0
1020266	2.0
1020267	1.0
1020370	3.0
1020384	2.0
1020385	1.0
1020415	3.0
1020429	2.0
1020430	1.0
1020691	3.0
1021332	2.0
1021333	1.0
1021583	3.0
1024476	2.0
1024477	1.0
1024708	3.0
1024906	2.0
1024907	1.0
1025040	3.0
1025054	2.0
1025055	1.0
1025454	3.0
1025469	2.0
1025470	1.0
1025755	3.0
1026337	2.0
1026338	1.0
1026603	3.0
1029434	2.0
1029435	1.0
1030142	3.0
1030313	2.0
1030314	1.0
1030383	3.0
1030398	2.0
1030399	1.0
1030665	3.0
1031702	2.0
1031703	1.0
1031890	3.0
1032137	2.0
1032138	1.0
1032442	3.0
1039526	23.0
1040172	21.0
1040173	19.0
1040174	15.0
1040175	8.0
1040176	4.0
1040177	3.0
1040406	23.0
1042216	22.0
1042217	21.0
1042218	17.0
1042219	10.0
1042220	4.0
1042221	3.0
1042254	23.0
1042263	21.0
1042264	19.0
1042265	15.0
1042266	8.0
1042267	4.0
1042268	3.0
1042369	23.0
1042982	22.0
1042983	20.0
1042984	16.0
1042985	23.0
1042991	23.0
1042993	22.0
1042994	20.0
1042995	16.0
1042996	9.0
1042997	4.0
1042998	3.0
1043099	23.0
1045524	22.0
1045525	20.0
1045526	17.0
1045527	9.0
1045528	4.0
1045529	3.0
1045648	23.0
1046429	22.0
1046430	21.0
1046431	17.0
1046432	10.0
1046433	4.0
1046434	3.0
1046555	23.0
1046564	22.0
1046565	20.0
1046566	16.0
1046567	9.0
1046568	4.0
1046569	3.0
1046644	23.0
1046653	22.0
1046654	20.0
1046655	16.0
1046656	9.0
1046657	4.0
1046658	3.0
1046773	23.0
1046779	23.0
1046781	22.0
1046782	20.0
1046783	16.0
1046784	9.0
1046785	4.0
1046786	3.0
1046920	23.0
1046926	23.0
1046928	22.0
1046929	20.0
1046930	16.0
1046931	9.0
1046932	4.0
1046933	3.0
1047151	23.0
1047157	23.0
1047159	22.0
1047160	20.0
1047161	16.0
1047162	9.0
1047163	4.0
1047164	3.0
1047262	23.0
1047268	23.0
1047270	22.0
1047271	20.0
1047272	16.0
1047273	9.0
1047274	4.0
1047275	3.0
1047308	23.0
1047317	22.0
1047318	20.0
1047319	16.0
1047320	9.0
1047321	4.0
1047322	3.0
1047481	23.0
1053437	22.0
1106212	21.0
1106213	19.0
1106214	15.0
1106215	8.0
1106216	4.0
1106217	3.0
1106218	2.0
1106219	1.0
1106848	22.0
1109091	21.0
1109092	20.0
1109093	17.0
1109094	22.0
1110626	23.0
1110649	22.0
1110667	23.0
1110677	22.0
1110694	23.0
1111293	24.0
1111307	23.0
1111511	24.0
1112009	23.0
1112130	22.0
1112131	21.0
1112132	18.0
1112133	10.0
1112134	4.0
1112135	3.0
1112136	2.0
1112278	23.0
1112413	24.0
1112423	23.0
1112489	24.0
1112909	23.0
1113126	24.0
1113779	23.0
1116089	19.0
1116090	10.0
1116091	4.0
1116092	3.0
1116093	2.0
1116152	23.0
1116164	19.0
1116165	10.0
1116166	4.0
1116167	3.0
1116168	2.0
1116216	23.0
1120354	24.0
1120460	23.0
1121004	22.0
1121005	20.0
1121006	16.0
1121007	9.0
1121008	4.0
1121009	3.0
1121010	2.0
1121058	23.0
1121619	22.0
1121620	20.0
1121621	16.0
1121622	9.0
1121623	4.0
1121624	3.0
1121625	2.0
1121735	23.0
1122076	22.0
1122077	20.0
1122078	16.0
1122079	9.0
1122080	4.0
1122081	3.0
1122082	2.0
1123010	23.0
1123398	22.0
1123399	20.0
1123400	16.0
1123401	9.0
1123402	4.0
1123403	3.0
1123404	2.0
1123905	22.0
1124152	21.0
1124153	19.0
1124154	15.0
1124155	8.0
1124156	4.0
1124157	3.0
1124158	2.0
1126344	22.0
1126353	21.0
1126354	19.0
1126355	15.0
1126356	8.0
1126357	4.0
1126358	3.0
1126359	2.0
1127277	22.0
1127286	21.0
1127287	19.0
1127288	15.0
1127289	8.0
1127290	4.0
1127291	3.0
1127292	2.0
1128586	22.0
1129049	21.0
1129050	19.0
1129051	15.0
1129052	8.0
1129053	4.0
1129054	3.0
1129055	2.0
1141582	1.0
1141635	2.0
1141651	1.0
1145494	2.0
1152280	1.0
1152408	2.0
1152423	1.0
1152732	2.0
1154038	1.0
1154169	2.0
1154184	1.0
1154607	2.0
1154797	1.0
1155052	2.0
1155067	1.0
1155514	2.0
1158456	1.0
1158573	2.0
1158588	1.0
1159092	2.0
1159548	1.0
1160071	2.0
1160086	1.0
1160327	2.0
1163541	1.0
1163664	2.0
1163679	1.0
1163789	2.0
1168748	1.0
1172492	2.0
1180536	1.0
1180654	2.0
1180669	1.0
1180812	2.0
1181190	1.0
1191457	2.0
1192193	1.0
1192473	2.0
1198381	1.0
1198696	2.0
1198711	1.0
1199671	2.0
1201218	1.0
1202505	2.0
1208647	1.0
1209316	21.0
1209326	20.0
1209327	18.0
1209328	14.0
1209329	7.0
1209330	3.0
1209331	2.0
1209332	1.0
1209526	21.0
1210087	20.0
1210088	18.0
1210089	14.0
1210090	7.0
1210091	3.0
1210092	2.0
1210093	1.0
1210480	21.0
1213018	20.0
1213019	18.0
1213020	14.0
1213021	7.0
1213022	3.0
1213023	1.0
1213024	0.0
1213366	21.0
1214578	20.0
1214579	18.0
1214580	14.0
1214581	7.0
1214582	3.0
1214583	2.0
1214584	0.0
1214654	21.0
1214805	20.0
1214806	18.0
1214807	14.0
1214808	7.0
1214809	3.0
1214810	1.0
1214811	0.0
1214955	21.0
1221513	20.0
1237340	21.0
1237891	20.0
1238313	21.0
1238923	20.0
1239972	21.0
1240010	20.0
1240688	21.0
1240704	20.0
1240845	21.0
1240860	20.0
1241192	21.0
1241207	20.0
1241473	21.0
1241676	20.0
1241729	21.0
1241745	20.0
1241880	21.0
1242513	20.0
1243556	21.0
1243571	20.0
1243721	21.0
1244276	20.0
1244512	21.0
1244528	20.0
1244558	21.0
1245218	20.0
1245472	21.0
1246113	20.0
1246316	21.0
1247175	20.0
1248961	21.0
1248976	20.0
1249045	21.0
1249060	20.0
1249204	21.0
1249579	20.0
1250739	21.0
1251553	20.0
1252672	21.0
1253316	20.0
1254433	21.0
1254637	20.0
1254754	21.0
1255132	20.0
1255393	21.0
1257939	20.0
1258128	21.0
1258789	20.0
1258965	21.0
1258981	20.0
1259102	21.0
1259588	20.0
1259833	21.0
1260523	20.0
1260791	21.0
1260930	20.0
1261056	21.0
1261071	20.0
1261189	21.0
1261415	20.0
1261635	21.0
1262314	20.0
1262532	21.0
1263283	20.0
1263474	21.0
1264114	20.0
1264448	21.0
1265070	20.0
1266113	21.0
1267723	20.0
1268038	21.0
1268680	20.0
1269018	21.0
1269515	20.0
1276035	21.0
1279452	20.0
1282304	21.0
1282319	20.0
1282339	21.0
1282354	20.0
1282563	21.0
1285358	20.0
1285551	21.0
1286327	20.0
1287029	21.0
1323337	20.0
1323473	21.0
1324117	20.0
1324495	21.0
1324992	20.0
1325172	21.0
1325884	20.0
1326080	21.0
1326096	20.0
1326208	21.0
1326784	20.0
1326966	21.0
1326982	20.0
1327115	21.0
1327130	20.0
1327354	21.0
1327369	20.0
1327488	21.0
1327503	20.0
1327701	21.0
1327716	20.0
1328754	21.0
1329643	20.0
1330553	21.0
1331403	20.0
1333273	21.0
1336765	20.0
1336911	21.0
1337594	20.0
1338435	21.0
1338450	20.0
1339553	21.0
1340422	20.0
1340582	21.0
1340598	20.0
1340632	21.0
1342008	20.0
1342272	21.0
1344001	20.0
1344953	21.0
1345728	20.0
1347632	21.0
1349383	20.0
1350352	21.0
1360251	20.0
1360266	21.0
1360281	20.0
1362958	21.0
1365457	20.0
1366728	21.0
1367318	20.0
1371401	21.0
1398143	20.0
1398376	21.0
1398391	20.0
1398540	21.0
1403379	20.0
1404150	21.0
1409514	20.0
1409864	21.0
1410148	20.0
1411588	21.0
1412417	20.0
1413137	21.0
1413153	20.0
1413218	21.0
1413234	20.0
1413338	21.0
1414062	20.0
1414267	21.0
1415916	20.0
1415992	21.0
1417711	20.0
1417868	21.0
1418558	20.0
1418760	21.0
1419595	20.0
1419752	21.0
1419768	20.0
1419787	21.0
1420367	20.0
1423087	21.0
1423103	20.0
1423123	21.0
1423139	20.0
1423347	21.0
1423953	20.0
1425790	21.0
1425805	20.0
1426008	21.0
1426692	20.0
1427040	21.0
1427638	20.0
1427896	21.0
1428453	20.0
1429549	21.0
1429564	20.0
1429668	21.0
1430064	20.0
1430170	21.0
1430185	20.0
1430259	21.0
1430274	20.0
1431389	21.0
1432140	20.0
1433186	21.0
1433876	20.0
1434266	21.0
1434772	20.0
1434989	21.0
1435020	20.0
1435190	21.0
1436484	20.0
1437667	21.0
1443878	20.0
1449009	21.0
1449274	22.0
1449399	21.0
1449418	22.0
1449430	21.0
1449602	22.0
1450470	21.0
1450484	22.0
1450746	23.0
1452204	22.0
1452465	21.0
1452712	22.0
1453514	23.0
1454312	22.0
1454632	23.0
1454642	22.0
1454835	23.0
1455178	22.0
1455633	23.0
1455644	22.0
1464202	23.0
1464239	22.0
1464311	23.0
1464321	22.0
1464655	23.0
1464677	22.0
1464689	23.0
1464699	22.0
1464951	23.0
1464960	22.0
1465312	23.0
1465835	22.0
1466004	23.0
1468346	22.0
1468666	23.0
1468965	22.0
1468976	23.0
1468990	22.0
1469120	23.0
1469358	22.0
1469371	23.0
1473491	24.0
1474066	23.0
1474176	24.0
1490522	25.0
1490538	24.0
1490992	25.0
1495055	24.0
1495658	25.0
1497908	24.0
1500641	25.0
1522298	24.0
1530381	25.0
1532654	24.0
1532727	25.0
1533809	24.0
1534038	25.0
1534216	24.0
1535943	25.0
1536642	24.0
1536833	25.0
1536847	24.0
1536869	25.0
1537415	24.0
1537469	25.0
1537541	24.0
1537708	25.0
1547197	23.0
1547198	20.0
1547199	16.0
1547200	8.0
1547201	4.0
1547202	2.0
1547203	1.0
1547641	25.0
1547651	23.0
1547652	25.0
1548278	23.0
1548279	20.0
1548280	16.0
1548281	8.0
1548282	4.0
1548283	2.0
1548284	1.0
1548371	25.0
1550097	24.0
1550121	22.0
1550122	19.0
1550123	15.0
1550124	7.0
1550125	3.0
1550126	2.0
1550127	1.0
1550145	2.0
1550680	25.0
1550690	23.0
1550691	20.0
1550692	16.0
1550693	8.0
1550694	4.0
1550695	3.0
1550696	2.0
1550809	1.0
1550913	24.0
1550923	22.0
1550924	19.0
1550925	15.0
1550926	7.0
1550927	3.0
1550928	2.0
1550929	1.0
1551607	2.0
1551637	25.0
1552652	24.0
1553359	25.0
1553376	24.0
1553384	25.0
1553398	24.0
1553601	22.0
1553602	19.0
1553603	15.0
1553604	7.0
1553605	3.0
1553606	2.0
1553607	1.0
1553663	24.0
1553673	22.0
1553674	19.0
1553675	15.0
1553676	7.0
1553677	3.0
1553678	2.0
1553679	1.0
1554236	2.0
1554252	1.0
1554284	2.0
1554428	25.0
1554717	24.0
1554953	25.0
1555334	24.0
1555596	21.0
1555597	19.0
1555598	15.0
1555599	7.0
1555600	3.0
1555601	2.0
1555602	1.0
1555966	2.0
1555981	1.0
1556084	2.0
1556099	1.0
1556226	24.0
1556236	21.0
1556237	19.0
1556238	15.0
1556239	7.0
1556240	3.0
1556241	2.0
1556242	1.0
1556801	24.0
1556887	25.0
1556902	24.0
1557065	25.0
1557081	24.0
1557141	25.0
1560044	22.0
1560045	20.0
1560046	16.0
1560047	8.0
1560048	4.0
1560049	3.0
1560050	2.0
1573468	1.0
1625769	0.0
1631060	1.0
1632072	0.0
1632136	1.0
1635687	0.0
1636153	1.0
1639270	0.0
1639457	1.0
1639473	0.0
1639771	1.0
1641196	0.0
1641669	1.0
1641685	0.0
1641884	1.0
1642014	0.0
1642229	1.0
1642890	0.0
1643110	1.0
1643882	0.0
1644041	1.0
1644448	0.0
1660437	1.0
1660452	0.0
1660863	1.0
1660879	0.0
1661190	1.0
1661206	0.0
1661571	1.0
1661586	0.0
1661953	1.0
1662942	0.0
1664902	1.0
1672289	0.0
1674836	1.0
1676595	0.0
1677537	1.0
1680069	0.0
1684577	1.0
1693606	0.0
1694472	1.0
1694488	0.0
1694513	1.0
1694529	0.0
1714030	1.0
1714045	0.0
1714161	1.0
1715005	2.0
1717613	1.0
1717743	2.0
1717759	1.0
1717891	2.0
1718478	1.0
1718585	0.0
1719678	2.0
1720375	1.0
1720407	2.0
1730296	1.0
1730297	0.0
1731236	2.0
2052709	1.0
2052710	0.0
2052788	2.0
2053452	1.0
2053453	0.0
2053747	2.0
2053762	1.0
2053763	0.0
2054084	2.0
2054634	1.0
2054635	0.0
2054644	2.0
2062293	1.0
2062294	0.0
2062430	2.0
2062445	1.0
2062446	0.0
2063432	2.0
2063446	1.0
2063447	0.0
2063623	2.0
2064338	1.0
2064339	0.0
2064750	2.0
2064764	1.0
2064765	0.0
2065081	2.0
2074191	1.0
2074192	0.0
2177482	1.0
2178258	0.0
2179537	1.0
2180185	0.0
2180838	1.0
2180853	0.0
2183951	1.0
2184534	0.0
2185589	1.0
2190198	0.0
2191349	1.0
2191364	0.0
2191508	1.0
2192472	0.0
2193999	1.0
2194014	0.0
2194640	1.0
2194655	0.0
2194774	1.0
2198999	0.0
2202597	1.0
2202612	0.0
2204549	1.0
2205169	0.0
2205469	1.0
2222755	3.0
2223758	2.0
2223759	1.0
2224931	3.0
2225627	2.0
2225628	1.0
2225847	3.0
2225861	2.0
2225862	1.0
2226080	3.0
2232152	2.0
2232153	1.0
2244085	3.0
2244470	2.0
2244471	1.0
2244690	3.0
2263867	2.0
2264648	3.0
2264663	2.0
2266065	3.0
2266081	2.0
2266391	3.0
2266406	2.0
2266453	3.0
2267280	2.0
2268948	3.0
2271847	2.0
2272174	3.0
2272700	2.0
2274336	3.0
2275425	2.0
2275910	3.0
2276399	2.0
2277371	3.0
2277386	2.0
2277812	3.0
2278196	2.0
2279015	3.0
2279030	2.0
2279916	3.0
2279932	2.0
2280367	3.0
2280780	2.0
2281178	3.0
2281194	2.0
2282167	3.0
2282774	2.0
2282804	3.0
2283645	2.0
2284322	3.0
2287101	2.0
2290005	3.0
2290726	2.0
2292417	3.0
2292557	2.0
2293445	3.0
2293460	2.0
2293469	3.0
2293485	2.0
2293569	3.0
2293584	2.0
2295969	3.0
2296141	2.0
2349047	3.0
2350240	2.0
2350747	3.0
2351999	2.0
2352595	3.0
2352949	2.0
2353089	3.0
2355569	2.0
2358426	3.0
2360083	2.0
2360088	3.0
2360103	2.0
2360620	3.0
2360635	2.0
2360789	3.0
2361013	2.0
2362749	3.0
2362764	2.0
2362952	3.0
2364456	2.0
2369262	3.0
2374677	2.0
2374741	3.0
2375043	2.0
2375161	3.0
2375176	2.0
2376463	3.0
2377314	2.0
2380063	3.0
2384534	2.0
2406810	1.0
2406811	0.0
2407402	2.0
2407417	1.0
2407418	0.0
2407696	2.0
2410019	1.0
2410020	0.0
2410097	2.0
2410657	1.0
2410658	0.0
2410995	2.0
2411009	1.0
2411010	0.0
2411302	2.0
2411317	1.0
2411318	0.0
2411654	2.0
2411668	1.0
2411669	0.0
2411699	2.0
2411713	1.0
2411714	0.0
2411852	2.0
2411867	1.0
2411868	0.0
2411979	2.0
2412581	1.0
2412582	0.0
2412908	2.0
2414944	1.0
2414945	0.0
2415171	2.0
2528214	3.0
2528273	2.0
2528639	3.0
2532654	2.0
2533054	3.0
2533733	2.0
2533973	3.0
2534652	2.0
2534717	3.0
2534732	2.0
2534978	3.0
2535541	2.0
2535783	3.0
2536402	2.0
2536697	3.0
2537304	2.0
2538416	3.0
2541079	2.0
2541290	3.0
2541987	2.0
2544736	3.0
2549059	2.0
2550137	3.0
2551005	2.0
2551053	3.0
2551747	2.0
2551973	3.0
2552653	2.0
2552899	3.0
2553487	2.0
2553782	3.0
2554434	2.0
2556457	3.0
2557158	2.0
2559656	3.0
2559881	2.0
2560086	3.0
2560741	2.0
2564897	3.0
2566163	2.0
2566861	3.0
2566877	2.0
2566985	3.0
2570576	2.0
2573020	3.0
2573478	2.0
2573855	3.0
2574386	2.0
2575509	3.0
2576367	2.0
2581344	3.0
2583971	2.0
2584097	3.0
2584113	2.0
2584144	3.0
2584160	2.0
2584407	3.0
2584549	3.0
2586388	2.0
2587268	3.0
2587284	2.0
2588984	3.0
2589920	2.0
2591022	3.0
2591038	2.0
2591314	3.0
2591329	2.0
2654052	1.0
2654053	0.0
2654572	2.0
2655124	1.0
2655125	0.0
2655538	2.0
2662138	1.0
2662139	0.0
2662296	2.0
2662311	1.0
2662312	0.0
2662910	2.0
2663254	1.0
2663255	0.0
2663521	2.0
2666451	1.0
2666452	0.0
2666898	2.0
2667731	1.0
2667732	0.0
2667825	2.0
2667840	1.0
2667841	0.0
2669835	2.0
2670411	1.0
2670412	0.0
2670506	2.0
2673014	1.0
2673015	0.0
2673062	2.0
2673076	1.0
2673077	0.0
2673489	2.0
2674710	1.0
2674711	0.0
2674943	2.0
2675460	1.0
2675461	0.0
2677730	2.0
2677744	1.0
2677745	0.0
2738974	2.0
2740554	1.0
2740555	0.0
2740710	2.0
2748071	1.0
2748340	2.0
2749137	1.0
2749304	2.0
2749428	1.0
2749429	0.0
2749459	2.0
2749473	1.0
2749474	0.0
2749898	2.0
2750628	1.0
2750629	0.0
2750645	2.0
2750857	0.0
2762023	2.0
2765291	3.0
2765850	2.0
2819449	3.0
2819486	2.0
2819554	3.0
2820537	2.0
2824129	1.0
2824130	0.0
2824407	2.0
2826759	1.0
2826760	0.0
2827197	2.0
2827844	1.0
2827845	0.0
2828605	2.0
2828620	1.0
2828621	0.0
2829011	2.0
2834928	1.0
2834929	0.0
2835172	2.0
2835881	1.0
2835882	0.0
2836017	2.0
2836893	1.0
2836894	0.0
2837995	2.0
2838868	1.0
2838869	0.0
2839237	2.0
2839251	1.0
2839252	0.0
2839697	2.0
2840335	1.0
2840336	0.0
2868029	1.0
2868541	0.0
2868704	1.0
2869192	0.0
2869441	1.0
2869456	0.0
2869590	1.0
2870061	0.0
2871218	1.0
2885289	0.0
2885595	1.0
2885610	0.0
2885745	1.0
2886038	0.0
2886503	1.0
2886518	0.0
2886629	1.0
2886645	0.0
2886768	1.0
2886783	0.0
2886905	1.0
2890962	0.0
2891082	1.0
2891097	0.0
2891245	1.0
2891261	0.0
2891396	1.0
2891411	0.0
2891903	1.0
2893890	0.0
2894001	1.0
2894016	0.0
2894260	1.0
2894539	0.0
2894661	1.0
2894676	0.0
2894807	1.0
2896874	0.0
2897028	1.0
2897043	0.0
2897270	1.0
2897285	0.0
2897773	1.0
2937911	0.0
3258251	2.0
3258918	1.0
3258919	0.0
3258949	2.0
3258963	1.0
3258964	0.0
3259339	2.0
3259804	1.0
3259805	0.0
3260678	2.0
3260693	1.0
3260694	0.0
3261431	2.0
3261446	1.0
3261447	0.0
3261808	2.0
3262533	1.0
3262534	0.0
3264038	2.0
3267054	1.0
3267055	0.0
3267254	2.0
3267731	1.0
3267732	0.0
3267942	2.0
3273974	1.0
3274215	2.0
3274229	1.0
3274375	2.0
3274535	1.0
3277598	2.0
3277613	1.0
3277648	2.0
3277663	1.0
3278400	2.0
3278520	1.0
3278882	2.0
3279555	1.0
3279882	2.0
3280331	1.0
3280609	2.0
3281238	1.0
3281300	2.0
3281488	1.0
3281523	2.0
3281538	1.0
3282515	2.0
3283103	1.0
3283482	2.0
3283822	1.0
3350392	0.0
3351440	1.0
3351455	0.0
3352216	1.0
3352231	0.0
3352570	1.0
3352775	2.0
3353282	1.0
3353283	0.0
3353750	1.0
3353984	2.0
3353999	1.0
3354112	0.0
3354219	1.0
3354303	2.0
3359554	1.0
3359555	0.0
3425699	1.0
3425809	0.0
3428543	2.0
3430855	1.0
3430856	0.0
3433405	2.0
3433522	1.0
3433523	0.0
3434658	2.0
3437167	1.0
3437168	0.0
3437545	2.0
3439467	1.0
3439468	0.0
3440502	2.0
3440516	1.0
3440517	0.0
3443738	1.0
3443739	2.0
3444707	1.0
3444709	0.0
3444877	1.0
3445240	0.0
3446583	21.0
3446604	19.0
3446605	16.0
3446606	13.0
3446607	6.0
3446608	3.0
3446609	2.0
3446636	21.0
3446743	19.0
3446744	16.0
3446745	13.0
3446746	6.0
3446747	2.0
3446748	0.0
3451892	21.0
3452022	20.0
3452243	19.0
3452245	16.0
3452246	11.0
3452247	5.0
3452248	1.0
3452249	0.0
3457697	1.0
3458450	0.0
3458635	1.0
3458650	0.0
3519062	2.0
3522254	1.0
3522298	2.0
3522435	1.0
3522436	0.0
3522508	2.0
3523151	1.0
3523152	0.0
3523182	2.0
3523196	1.0
3523197	0.0
3523228	2.0
3528889	1.0
3528890	0.0
3529345	2.0
3529534	1.0
3529535	0.0
3535783	2.0
3535797	1.0
3535798	0.0
3536051	2.0
3537247	0.0
3537478	2.0
3537493	1.0
3537494	0.0
3537574	2.0
3537589	1.0
3537590	0.0
3537627	2.0
3537642	1.0
3537643	0.0
3538672	1.0
3538687	0.0
3539213	1.0
3539228	0.0
3539897	1.0
3541304	0.0
3541459	1.0
3541475	0.0
3541517	1.0
3541532	0.0
3542030	1.0
3542101	0.0
3542197	1.0
3542212	0.0
3602519	1.0
3603042	2.0
3603549	1.0
3603697	2.0
3605324	1.0
3605380	0.0
3605472	1.0
3605601	2.0
3607287	1.0
3607322	2.0
3607336	1.0
3607613	2.0
3607772	1.0
3607796	2.0
3608820	1.0
3609745	2.0
3609760	1.0
3609813	2.0
3609828	1.0
3609966	2.0
3611680	1.0
3611776	2.0
3615419	1.0
3620571	0.0
3621041	1.0
3621077	2.0
3621248	1.0
3621249	0.0
3621744	2.0
3621781	1.0
3621793	2.0
3622168	1.0
3622566	0.0
3622804	2.0
3623294	1.0
3623469	2.0
3623484	1.0
3623619	2.0
3623634	1.0
3623651	2.0
3623780	1.0
3624227	0.0
3624456	1.0
3624986	0.0
3625374	1.0
3625699	0.0
3627415	1.0
3627430	0.0
3627539	1.0
3949552	0.0
3949856	1.0
3950688	0.0
3951271	1.0
3951847	0.0
3952129	1.0
3952231	0.0
3952314	1.0
3952330	0.0
3952883	1.0
3969441	0.0
3969763	1.0
3969779	0.0
3970097	1.0
3970789	0.0
3970977	1.0
3971652	0.0
3971897	1.0
3972312	0.0
3972466	1.0
4038071	0.0
4038126	1.0
4038892	0.0
4038925	1.0
4038940	0.0
4039401	1.0
4039593	0.0
4039739	1.0
4041026	0.0
4041726	1.0
4042283	0.0
4042383	1.0
4042399	0.0
4042629	1.0
4043207	0.0
4043506	1.0
4044177	0.0
4044423	1.0
4044438	0.0
4045302	1.0
4046060	0.0
4046128	1.0
4046144	0.0
4046498	1.0
4046844	0.0
4046929	1.0
4046944	0.0
4047104	1.0
4048639	0.0
4048903	1.0
4052054	0.0
4053514	1.0
4054318	0.0
4054704	1.0
4054966	0.0
4055030	1.0
4055904	0.0
4056112	1.0
4056127	0.0
4056513	1.0
4056666	0.0
4056796	1.0
4056812	0.0
4059807	1.0
4060315	0.0
4737118	1.0
4737232	0.0
4737715	1.0
4737731	0.0
4738340	1.0
4739092	0.0
4739332	1.0
4742695	0.0
4743321	1.0
4743336	0.0
4744025	1.0
4744040	0.0
4744867	1.0
4745181	0.0
4746007	1.0
4746023	0.0
4746635	1.0
4747962	0.0
4748468	1.0
4751217	0.0
4752169	1.0
4752184	0.0
4752755	1.0
4753021	0.0
4828042	1.0
4828630	0.0
4828951	1.0
4828966	0.0
4829121	1.0
4829136	0.0
4829298	1.0
4832576	0.0
4833013	1.0
4833538	0.0
4833582	1.0
4833838	0.0
4834456	1.0
4834552	0.0
4835024	1.0
4835211	0.0
