1024233	3.0
1024284	4.0
1024524	5.0
1024688	6.0
1024749	6.0
1024763	5.0
1024765	6.0
1024775	7.0
1024785	6.0
1024919	9.0
1025121	10.0
1025515	9.0
1026125	10.0
1026272	11.0
1026632	10.0
1026662	11.0
1026677	10.0
1026701	11.0
1027148	12.0
1028123	13.0
1028146	12.0
1028206	13.0
1029789	12.0
1029823	13.0
1029837	12.0
1029955	13.0
1031251	12.0
1031399	13.0
1031411	12.0
1032073	14.0
1032077	16.0
1032080	19.0
1032284	18.0
1032311	19.0
1032406	18.0
1032407	17.0
1032408	13.0
1032409	12.0
1032480	13.0
1032495	12.0
1032987	19.0
1032992	19.0
1032996	18.0
1032997	17.0
1032998	13.0
1032999	12.0
1033144	19.0
1033273	18.0
1033274	15.0
1033275	13.0
1033276	12.0
1033385	19.0
1033390	19.0
1033394	18.0
1033395	16.0
1033396	13.0
1033397	12.0
1033501	19.0
1036392	20.0
1036407	19.0
1036409	20.0
1036429	19.0
1036450	20.0
1036610	19.0
1039526	23.0
1040174	22.0
1040175	21.0
1040176	20.0
1040177	19.0
1040406	23.0
1042218	22.0
1042219	21.0
1042220	20.0
1042221	19.0
1042254	23.0
1042265	22.0
1042266	21.0
1042267	20.0
1042268	19.0
1042369	23.0
1042984	22.0
1042985	23.0
1042991	23.0
1042995	22.0
1042996	21.0
1042997	20.0
1042998	19.0
1043099	23.0
1045526	22.0
1045527	21.0
1045528	20.0
1045529	19.0
1045648	23.0
1046431	22.0
1046432	21.0
1046433	20.0
1046434	19.0
1046555	23.0
1046566	22.0
1046567	21.0
1046568	20.0
1046569	19.0
1046644	23.0
1046655	22.0
1046656	21.0
1046657	20.0
1046658	19.0
1046773	23.0
1046779	23.0
1046783	22.0
1046784	21.0
1046785	20.0
1046786	19.0
1046920	23.0
1046926	23.0
1046930	22.0
1046931	21.0
1046932	20.0
1046933	19.0
1047151	23.0
1047157	23.0
1047161	22.0
1047162	21.0
1047163	20.0
1047164	19.0
1047262	23.0
1047268	23.0
1047272	22.0
1047273	21.0
1047274	20.0
1047275	19.0
1047308	23.0
1047319	22.0
1047320	21.0
1047321	20.0
1047322	19.0
1047481	23.0
1053437	22.0
1106218	21.0
1106219	20.0
1106852	22.0
1109096	21.0
1109097	22.0
1110626	23.0
1110649	22.0
1110663	23.0
1110677	22.0
1110690	23.0
1111289	24.0
1111307	23.0
1111507	24.0
1112009	23.0
1112135	21.0
1112136	20.0
1112220	21.0
1112234	20.0
1112281	23.0
1112286	23.0
1112408	24.0
1112423	23.0
1112488	24.0
1112909	23.0
1113126	24.0
1113779	23.0
1116092	21.0
1116093	20.0
1116155	23.0
1116167	21.0
1116168	20.0
1116219	23.0
1120352	24.0
1120460	23.0
1121008	22.0
1121009	21.0
1121010	20.0
1121061	23.0
1121624	21.0
1121625	20.0
1121738	23.0
1122080	22.0
1122081	21.0
1122082	20.0
1123013	23.0
1123403	21.0
1123404	20.0
1123589	19.0
1123908	22.0
1124157	20.0
1124158	19.0
1126347	22.0
1126352	22.0
1126358	20.0
1126359	19.0
1127280	22.0
1127285	22.0
1127291	20.0
1127292	19.0
1128589	22.0
1129054	20.0
1129055	19.0
1209319	21.0
1209331	20.0
1209332	19.0
1209529	21.0
1210092	20.0
1210093	19.0
1210483	21.0
1213024	20.0
1213370	21.0
1214584	20.0
1214657	21.0
1214811	20.0
1214958	21.0
1221513	20.0
1237344	21.0
1237891	20.0
1238317	21.0
1238923	20.0
1239976	21.0
1240010	20.0
1240692	21.0
1240704	20.0
1240849	21.0
1240860	20.0
1241196	21.0
1241207	20.0
1241477	21.0
1241676	20.0
1241733	21.0
1241745	20.0
1241884	21.0
1242513	20.0
1243560	21.0
1243571	20.0
1243725	21.0
1244276	20.0
1244516	21.0
1244528	20.0
1244562	21.0
1245218	20.0
1245476	21.0
1246113	20.0
1246320	21.0
1247175	20.0
1248965	21.0
1248976	20.0
1249049	21.0
1249060	20.0
1249208	21.0
1249579	20.0
1250743	21.0
1251553	20.0
1252676	21.0
1253316	20.0
1254437	21.0
1254637	20.0
1254758	21.0
1255132	20.0
1255397	21.0
1257939	20.0
1258132	21.0
1258789	20.0
1258969	21.0
1258981	20.0
1259106	21.0
1259588	20.0
1259837	21.0
1260523	20.0
1260795	21.0
1260930	20.0
1261060	21.0
1261071	20.0
1261193	21.0
1261415	20.0
1261639	21.0
1262314	20.0
1262536	21.0
1263283	20.0
1263478	21.0
1264114	20.0
1264452	21.0
1265070	20.0
1266117	21.0
1267723	20.0
1268042	21.0
1268680	20.0
1269022	21.0
1269515	20.0
1276039	21.0
1279452	20.0
1282308	21.0
1282319	20.0
1282343	21.0
1282354	20.0
1282567	21.0
1285358	20.0
1285555	21.0
1286327	20.0
1287033	21.0
1323337	20.0
1323477	21.0
1324117	20.0
1324499	21.0
1324992	20.0
1325176	21.0
1325884	20.0
1326084	21.0
1326096	20.0
1326212	21.0
1326784	20.0
1326970	21.0
1326982	20.0
1327119	21.0
1327130	20.0
1327358	21.0
1327369	20.0
1327492	21.0
1327503	20.0
1327705	21.0
1327716	20.0
1328758	21.0
1329643	20.0
1330557	21.0
1331403	20.0
1333277	21.0
1336765	20.0
1336915	21.0
1337594	20.0
1338439	21.0
1338450	20.0
1339557	21.0
1340422	20.0
1340586	21.0
1340598	20.0
1340636	21.0
1342008	20.0
1342276	21.0
1344001	20.0
1344957	21.0
1345728	20.0
1347636	21.0
1349383	20.0
1350356	21.0
1360251	20.0
1360270	21.0
1360281	20.0
1362962	21.0
1365457	20.0
1366732	21.0
1367318	20.0
1371405	21.0
1398143	20.0
1398380	21.0
1398391	20.0
1398544	21.0
1403379	20.0
1404154	21.0
1409514	20.0
1409868	21.0
1410148	20.0
1411592	21.0
1412417	20.0
1413141	21.0
1413153	20.0
1413222	21.0
1413234	20.0
1413342	21.0
1414062	20.0
1414271	21.0
1415916	20.0
1415996	21.0
1416855	21.0
1417711	20.0
1417872	21.0
1418558	20.0
1418764	21.0
1419595	20.0
1419756	21.0
1419768	20.0
1419791	21.0
1420367	20.0
1423091	21.0
1423103	20.0
1423127	21.0
1423139	20.0
1423351	21.0
1423953	20.0
1425794	21.0
1425805	20.0
1426012	21.0
1426692	20.0
1427044	21.0
1427638	20.0
1427900	21.0
1428453	20.0
1429553	21.0
1429564	20.0
1429672	21.0
1430064	20.0
1430174	21.0
1430185	20.0
1430263	21.0
1430274	20.0
1431393	21.0
1432140	20.0
1433190	21.0
1433876	20.0
1434270	21.0
1434772	20.0
1434993	21.0
1435020	20.0
1435194	21.0
1436484	20.0
1437671	21.0
1443878	20.0
1449013	21.0
1449272	22.0
1449399	21.0
1449416	22.0
1449430	21.0
1449600	22.0
1450470	21.0
1450482	22.0
1450745	23.0
1452204	22.0
1452465	21.0
1452716	22.0
1453512	23.0
1454312	22.0
1454630	23.0
1454642	22.0
1454833	23.0
1455178	22.0
1455631	23.0
1455644	22.0
1464198	23.0
1464239	22.0
1464307	23.0
1464321	22.0
1464651	23.0
1464677	22.0
1464685	23.0
1464699	22.0
1464947	23.0
1464960	22.0
1465308	23.0
1465835	22.0
1466000	23.0
1468346	22.0
1468666	23.0
1468965	22.0
1468976	23.0
1468990	22.0
1469120	23.0
1469358	22.0
1469371	23.0
1473487	24.0
1474066	23.0
1474172	24.0
1490526	25.0
1490538	24.0
1490996	25.0
1495055	24.0
1495662	25.0
1497908	24.0
1500645	25.0
1522298	24.0
1530385	25.0
1532654	24.0
1532731	25.0
1533809	24.0
1534040	25.0
1534216	24.0
1535945	25.0
1536642	24.0
1536835	25.0
1536847	24.0
1536873	25.0
1537415	24.0
1537471	25.0
1537541	24.0
1537710	25.0
1547202	24.0
1547203	23.0
1547644	25.0
1547656	25.0
1548283	24.0
1548284	23.0
1548374	25.0
1550097	24.0
1550126	23.0
1550127	22.0
1550683	25.0
1550695	23.0
1550696	22.0
1550916	24.0
1550928	23.0
1550929	22.0
1551640	25.0
1552652	24.0
1553363	25.0
1553376	24.0
1553386	25.0
1553398	24.0
1553606	23.0
1553607	22.0
1553666	24.0
1553678	23.0
1553679	22.0
1553891	23.0
1553903	22.0
1554431	25.0
1554717	24.0
1554957	25.0
1555334	24.0
1555601	23.0
1555602	22.0
1556229	24.0
1556241	23.0
1556242	22.0
1556804	24.0
1556889	25.0
1556902	24.0
1557069	25.0
1557081	24.0
1557145	25.0
1560049	23.0
1560050	22.0
1629811	23.0
1637676	24.0
1637690	23.0
1637795	24.0
1638221	23.0
1638266	24.0
1638390	23.0
1638842	24.0
1640078	20.0
1640079	19.0
1648591	18.0
1649385	19.0
1651162	18.0
1651174	19.0
1651651	18.0
1651774	19.0
1652235	18.0
1654372	17.0
1721611	18.0
1721625	17.0
1721629	18.0
1721643	17.0
1721654	18.0
1721668	17.0
1721692	18.0
1721709	17.0
1721842	18.0
1723820	17.0
2061768	22.0
2061899	20.0
2061900	18.0
2061901	17.0
2063867	21.0
2063880	19.0
2063881	18.0
2063882	17.0
2066688	21.0
2066703	18.0
2066704	17.0
2066939	21.0
2067435	18.0
2067436	17.0
2067497	21.0
2067512	18.0
2067513	17.0
2067939	21.0
2068326	18.0
2068327	17.0
2068493	21.0
2072068	18.0
2072069	17.0
2130711	18.0
2136954	22.0
2137181	20.0
2137182	19.0
2137183	18.0
2216222	19.0
2216235	18.0
2230117	19.0
2230129	18.0
2230939	19.0
2231811	20.0
2233125	19.0
2233626	20.0
2233641	19.0
2233661	20.0
2233675	19.0
2233714	20.0
2234044	21.0
2236625	20.0
2237263	19.0
2237925	23.0
2237938	20.0
2237939	19.0
2238159	23.0
2238276	24.0
2238289	23.0
2238292	24.0
2238664	23.0
2238780	24.0
2239340	25.0
2239353	24.0
2240658	25.0
2241749	24.0
2241750	23.0
2241831	25.0
2241897	24.0
2241898	23.0
2241949	25.0
2242133	24.0
2242162	23.0
2242163	22.0
2242201	24.0
2242314	25.0
2242326	24.0
2242447	25.0
2242611	24.0
2242678	25.0
2242692	24.0
2242704	25.0
2242718	24.0
2242726	25.0
2244659	26.0
2245773	25.0
2247792	24.0
2247956	25.0
2247970	24.0
2248397	25.0
2248409	24.0
2248420	25.0
2248435	24.0
2251900	23.0
2257954	22.0
2317951	24.0
2318810	25.0
2318823	24.0
2318884	25.0
2319069	24.0
2319096	23.0
2319115	24.0
2319160	25.0
2319174	24.0
2319178	25.0
2319242	24.0
2319270	23.0
2319283	24.0
2319296	23.0
2321113	22.0
2321830	23.0
2321844	22.0
2322540	23.0
2322579	24.0
2322606	23.0
2322616	24.0
2322631	23.0
2322687	24.0
2322688	25.0
2322761	24.0
2323280	25.0
2323294	24.0
2323804	25.0
2323852	24.0
2329914	25.0
2329921	25.0
2329927	23.0
2329928	22.0
2333833	23.0
2334049	22.0
2676855	21.0
2677503	22.0
2677707	21.0
2735447	22.0
2735462	23.0
2735676	22.0
2735677	21.0
2735690	23.0
2735702	22.0
2735703	21.0
2736228	23.0
2736717	22.0
2736718	21.0
2754451	20.0
2754524	21.0
2754581	20.0
2821936	21.0
2821949	20.0
2821962	21.0
2821975	20.0
2821989	21.0
2822002	20.0
2822016	21.0
2822029	20.0
2822043	21.0
2822056	20.0
2822070	21.0
2824722	20.0
2824936	21.0
2825633	20.0
2827433	21.0
2827446	20.0
2828039	21.0
2828043	22.0
2828055	21.0
2828069	22.0
2828095	21.0
2828096	20.0
2829204	19.0
2829205	18.0
2829234	20.0
2830066	19.0
2830067	18.0
2830429	20.0
2830434	20.0
2830440	19.0
2830441	18.0
2830558	20.0
2830903	19.0
2830904	18.0
2835699	22.0
2835767	21.0
2835768	20.0
2835769	19.0
2835770	18.0
2837108	17.0
2848718	16.0
2850318	17.0
2850345	16.0
2850530	17.0
2850546	16.0
2916358	17.0
2916450	16.0
2923745	17.0
2923759	16.0
2923863	15.0
2923869	16.0
2923894	17.0
2923907	16.0
2924203	15.0
2925644	16.0
2925658	15.0
2925965	16.0
2925978	15.0
2926442	16.0
2929304	17.0
2929626	16.0
2929736	17.0
2931024	16.0
2931694	17.0
2932345	18.0
2932855	17.0
2993379	18.0
2993397	17.0
2993766	18.0
2993780	17.0
2993841	18.0
2995235	17.0
2995737	18.0
2996983	17.0
2997655	18.0
2997671	17.0
3115911	18.0
3117081	17.0
3118081	18.0
3118250	17.0
3118814	18.0
3119150	17.0
3259998	19.0
3260476	18.0
3260477	17.0
3261652	16.0
3262577	17.0
3263157	16.0
3263373	17.0
3263387	16.0
3263649	17.0
3263824	16.0
3264237	17.0
3352455	18.0
3352469	17.0
3357001	18.0
3357017	17.0
3357315	18.0
3357863	17.0
3432756	16.0
3435919	17.0
3440281	18.0
3440779	17.0
3440815	18.0
3440835	17.0
3440875	18.0
3440887	19.0
3440920	20.0
3441059	22.0
3441066	22.0
3441072	21.0
3441073	20.0
3441102	19.0
3441152	18.0
3441264	19.0
3441279	18.0
3442525	17.0
3442566	18.0
3442581	17.0
3442680	18.0
3442982	20.0
3443562	19.0
3443563	18.0
3444432	19.0
3444446	18.0
3444454	19.0
3444468	18.0
3444481	19.0
3444495	19.0
3444503	20.0
3444508	19.0
3444509	18.0
3444518	17.0
3444614	18.0
3444630	17.0
3444651	19.0
3444665	18.0
3444666	17.0
3444739	18.0
3445439	20.0
3445601	19.0
3445602	18.0
3445882	20.0
3446147	19.0
3446433	20.0
3446585	21.0
3446608	19.0
3446609	18.0
3446637	21.0
3446746	20.0
3446747	19.0
3446748	18.0
3446788	19.0
3446800	18.0
3446919	17.0
3447075	18.0
3447087	17.0
3447163	18.0
3447482	20.0
3447496	19.0
3447497	18.0
3447562	20.0
3447954	19.0
3447955	18.0
3447974	20.0
3448333	19.0
3448418	20.0
3449273	19.0
3449393	20.0
3451062	19.0
3451064	18.0
3451065	16.0
3451066	13.0
3451067	12.0
3451081	20.0
3451088	20.0
3451090	19.0
3451092	18.0
3451093	16.0
3451094	13.0
3451095	12.0
3451148	20.0
3451158	19.0
3451160	18.0
3451161	16.0
3451162	13.0
3451163	12.0
3451237	20.0
3451648	18.0
3451649	20.0
3451894	21.0
3452022	20.0
3452249	19.0
3452325	18.0
3452443	17.0
3452495	18.0
3452552	17.0
3452553	16.0
3452554	14.0
3452555	12.0
3452556	11.0
3452572	18.0
3452575	18.0
3452578	17.0
3452579	16.0
3452580	14.0
3452581	12.0
3452582	11.0
3452613	12.0
3452628	11.0
3452638	18.0
3452651	19.0
3452701	16.0
3452702	13.0
3452703	11.0
3452704	10.0
3452705	9.0
3452711	19.0
3452718	19.0
3452721	16.0
3452722	13.0
3452723	11.0
3452724	10.0
3452725	9.0
3452764	20.0
3452772	19.0
3452857	20.0
3452873	19.0
3452998	17.0
3452999	16.0
3453000	14.0
3453001	12.0
3453002	11.0
3453022	10.0
3453023	8.0
3453024	5.0
3453025	3.0
3453026	2.0
3453027	1.0
3453076	9.0
3453081	19.0
3453083	20.0
3453252	19.0
3453256	18.0
3453257	16.0
3453258	12.0
3453259	9.0
3453260	6.0
3453261	2.0
3453262	1.0
3453330	20.0
3453339	19.0
3453341	15.0
3453342	10.0
3453343	5.0
3453344	2.0
3453345	1.0
4299611	2.0
4299666	1.0
4485516	14.0
4486222	13.0
4486223	11.0
4486224	9.0
4486225	4.0
4486226	3.0
4486227	2.0
4486228	1.0
4486231	14.0
4486241	13.0
4486242	11.0
4486243	9.0
4486244	4.0
4486245	3.0
4486246	2.0
4486247	1.0
4486319	14.0
4487207	13.0
4487208	11.0
4487209	9.0
4487210	4.0
4487211	3.0
4487212	2.0
4487213	1.0
4487389	14.0
4488044	13.0
4488045	11.0
4488046	9.0
4488047	4.0
4488048	3.0
4488049	2.0
4488050	1.0
4563229	14.0
4563239	13.0
4563240	12.0
4563241	10.0
4563242	7.0
4563243	3.0
4563244	2.0
4563245	1.0
4649898	14.0
4649906	13.0
4649907	10.0
4649908	9.0
4649909	8.0
4649910	6.0
4649911	3.0
4649912	2.0
4649913	1.0
4650003	14.0
4650269	15.0
4650282	14.0
4650349	15.0
4651141	14.0
4651155	15.0
4651167	14.0
4651282	13.0
4651283	11.0
4651284	10.0
4651285	9.0
4651466	10.0
4651482	9.0
4653384	14.0
4653466	13.0
4653467	11.0
4653468	10.0
4653469	9.0
4653505	10.0
4653600	15.0
4653611	14.0
4653612	12.0
4653613	11.0
4653614	10.0
4653698	15.0
4654127	16.0
4654221	15.0
4654391	14.0
4654959	13.0
4654960	11.0
4654961	10.0
4654962	9.0
4654974	14.0
4654983	13.0
4654984	11.0
4654985	10.0
4654986	9.0
4655015	14.0
4655019	14.0
4655023	13.0
4655024	11.0
4655025	10.0
4655026	9.0
4655677	14.0
4655990	13.0
4656635	12.0
4656636	10.0
4656637	9.0
4656638	8.0
4656769	13.0
4656990	14.0
4657003	13.0
4657028	12.0
4657029	9.0
4657030	8.0
4657207	14.0
4657233	13.0
4657261	14.0
4657270	13.0
4657406	14.0
4657491	15.0
4658133	14.0
4658134	13.0
4658165	14.0
4658167	16.0
4658178	15.0
4658227	16.0
4658294	15.0
4658303	14.0
4658304	13.0
4658305	15.0
4658344	14.0
4658426	15.0
4658544	14.0
4658550	15.0
4659116	13.0
4659117	12.0
4659265	14.0
4659279	13.0
4659280	12.0
4659330	14.0
4659344	13.0
4659345	12.0
4659355	14.0
4659362	14.0
4659368	13.0
4659369	12.0
4659532	13.0
4659553	15.0
4661634	13.0
4661635	12.0
4661735	15.0
4661839	14.0
4662005	15.0
4662050	16.0
4662065	15.0
4662158	16.0
4662173	15.0
4662208	14.0
4662217	15.0
4662245	14.0
4664486	15.0
4665359	14.0
4665373	15.0
4665954	14.0
4667633	15.0
4667714	14.0
4667892	15.0
4667905	14.0
4671707	15.0
4671720	14.0
4671900	15.0
4671941	14.0
4733027	15.0
4733040	14.0
4737607	13.0
4738569	14.0
4738582	13.0
4739424	14.0
4739455	15.0
4739647	14.0
4739648	13.0
4740974	14.0
4740987	13.0
4741006	14.0
4741019	13.0
4742210	12.0
4742339	13.0
4742344	13.0
4742348	12.0
4742717	13.0
4742727	12.0
4742781	13.0
4743324	12.0
4743811	13.0
4744538	12.0
4744696	13.0
4744706	12.0
4744831	13.0
4745135	12.0
4745330	13.0
4745335	13.0
4745339	12.0
4745437	13.0
4745442	13.0
4745446	12.0
4745577	13.0
4745582	13.0
4745586	12.0
4745945	13.0
4746108	12.0
4747116	13.0
4747731	12.0
4748025	13.0
4748648	12.0
4749233	13.0
4749243	12.0
4749248	13.0
4749605	12.0
4749959	13.0
4750323	14.0
4750337	13.0
4750409	12.0
4750441	13.0
4750970	12.0
4751643	13.0
4757845	12.0
4758151	13.0
4758548	12.0
4759003	13.0
4759008	13.0
4759012	12.0
4759536	13.0
4759586	12.0
5184514	11.0
5184517	10.0
5254814	9.0
5254815	6.0
5254816	5.0
5255268	8.0
5255298	7.0
5255299	6.0
5255779	8.0
5256026	7.0
5256027	6.0
5256160	8.0
5256175	7.0
5256176	6.0
5256189	8.0
5256335	7.0
5256336	6.0
5256484	8.0
5256491	8.0
5256497	7.0
5256498	6.0
5256571	5.0
5256983	6.0
5257000	5.0
5263542	3.0
5263543	1.0
5263544	0.0
5408172	1.0
5408188	0.0
5412360	1.0
5412975	0.0
5412986	1.0
5414002	0.0
5414051	2.0
5414464	1.0
5414467	0.0
