491385	2.0
491399	1.0
491400	0.0
491506	2.0
492328	1.0
492329	0.0
1024283	4.0
1024524	5.0
1024688	6.0
1024749	5.0
1024750	6.0
1024763	5.0
1024764	6.0
1024775	7.0
1024785	6.0
1024919	9.0
1025122	10.0
1025515	9.0
1026126	10.0
1026272	11.0
1026632	10.0
1026663	11.0
1026677	10.0
1026701	11.0
1027149	12.0
1028123	13.0
1028146	12.0
1028207	13.0
1029785	12.0
1029786	10.0
1029787	6.0
1029788	1.0
1029789	0.0
1029822	13.0
1029833	12.0
1029834	7.0
1029835	3.0
1029836	1.0
1029837	0.0
1029953	13.0
1031247	12.0
1031248	10.0
1031249	5.0
1031250	1.0
1031251	0.0
1031396	13.0
1031407	11.0
1031408	7.0
1031409	3.0
1031410	1.0
1031411	0.0
1032479	13.0
1032491	12.0
1032492	11.0
1032493	5.0
1032494	1.0
1032495	0.0
1036391	20.0
1036402	19.0
1036403	18.0
1036404	14.0
1036405	7.0
1036406	1.0
1036407	0.0
1036408	20.0
1036425	19.0
1036426	16.0
1036427	8.0
1036428	1.0
1036429	0.0
1036450	20.0
1036605	19.0
1036606	18.0
1036607	13.0
1036608	6.0
1036609	1.0
1036610	0.0
