347938	3.0
351962	1.0
351963	0.0
420460	1.0
420504	0.0
420509	1.0
420529	2.0
420554	1.0
445546	0.0
507157	4.0
508388	3.0
508401	4.0
508420	3.0
509985	4.0
509998	3.0
510138	4.0
510151	3.0
510338	4.0
510351	3.0
510657	6.0
510670	5.0
510671	4.0
510672	3.0
510685	6.0
510698	5.0
510699	4.0
510700	3.0
510707	6.0
510720	5.0
510721	4.0
510722	3.0
510730	6.0
510743	5.0
510744	4.0
510745	3.0
510752	6.0
510765	5.0
510766	4.0
510767	3.0
510774	6.0
510789	7.0
510802	6.0
510805	7.0
510818	6.0
511048	7.0
512936	6.0
514186	5.0
514187	4.0
514188	3.0
514423	2.0
514424	1.0
514425	0.0
952794	3.0
953338	2.0
953339	1.0
953340	0.0
1024687	6.0
1024747	4.0
1024748	6.0
1024761	4.0
1024762	1.0
1024763	0.0
1024774	7.0
1024785	6.0
1024919	9.0
1025122	10.0
1025515	9.0
1026127	10.0
1026271	11.0
1026632	10.0
1026664	11.0
1026677	10.0
1026701	11.0
1027149	12.0
1028123	13.0
1028146	12.0
1028208	13.0
1029789	12.0
1029825	13.0
1029837	12.0
1029955	13.0
1031251	12.0
1031399	13.0
1031411	12.0
1032071	14.0
1032075	16.0
1032078	19.0
1032284	18.0
1032309	19.0
1032406	18.0
1032407	17.0
1032408	13.0
1032409	12.0
1032481	13.0
1032495	12.0
1032987	19.0
1032992	19.0
1032996	18.0
1032997	17.0
1032998	13.0
1032999	12.0
1033142	19.0
1033273	18.0
1033274	15.0
1033275	13.0
1033276	12.0
1033383	19.0
1033390	19.0
1033394	18.0
1033395	16.0
1033396	13.0
1033397	12.0
1033499	19.0
1036393	20.0
1036407	19.0
1036411	20.0
1036429	19.0
1036452	20.0
1036610	19.0
1039525	23.0
1040174	22.0
1040175	21.0
1040176	20.0
1040177	19.0
1040406	23.0
1042218	22.0
1042219	21.0
1042220	20.0
1042221	19.0
1042254	23.0
1042265	22.0
1042266	21.0
1042267	20.0
1042268	19.0
1042369	23.0
1042984	23.0
1042991	23.0
1042995	22.0
1042996	21.0
1042997	20.0
1042998	19.0
1043099	23.0
1045526	22.0
1045527	21.0
1045528	20.0
1045529	19.0
1045647	23.0
1046431	22.0
1046432	21.0
1046433	20.0
1046434	19.0
1046554	23.0
1046566	22.0
1046567	21.0
1046568	20.0
1046569	19.0
1046643	23.0
1046655	22.0
1046656	21.0
1046657	20.0
1046658	19.0
1046772	23.0
1046779	23.0
1046783	22.0
1046784	21.0
1046785	20.0
1046786	19.0
1046919	23.0
1046926	23.0
1046930	22.0
1046931	21.0
1046932	20.0
1046933	19.0
1047150	23.0
1047157	23.0
1047161	22.0
1047162	21.0
1047163	20.0
1047164	19.0
1047261	23.0
1047268	23.0
1047272	22.0
1047273	21.0
1047274	20.0
1047275	19.0
1047307	23.0
1047319	22.0
1047320	21.0
1047321	20.0
1047322	19.0
1047480	23.0
1053433	21.0
1053434	17.0
1053435	11.0
1053436	2.0
1053437	0.0
1110624	23.0
1110645	21.0
1110646	13.0
1110647	4.0
1110648	1.0
1110649	0.0
1110662	23.0
1110671	22.0
1110672	19.0
1110673	14.0
1110674	7.0
1110675	3.0
1110676	1.0
1110677	0.0
1110689	23.0
1110698	23.0
1111292	24.0
1111307	23.0
1111510	24.0
1112009	23.0
1112135	21.0
1112136	20.0
1112219	21.0
1112234	20.0
1112280	23.0
1112409	24.0
1112423	23.0
1112487	24.0
1112909	23.0
1113125	24.0
1113779	23.0
1116092	21.0
1116093	20.0
1116154	23.0
1116167	21.0
1116168	20.0
1116218	23.0
1120353	24.0
1120460	23.0
1121008	22.0
1121009	21.0
1121010	20.0
1121060	23.0
1121624	21.0
1121625	20.0
1121737	23.0
1122080	22.0
1122081	21.0
1122082	20.0
1123012	23.0
1123403	21.0
1123404	20.0
1123586	17.0
1123587	11.0
1123588	2.0
1123589	0.0
2230937	19.0
2231811	20.0
2233125	19.0
2233626	20.0
2233641	19.0
2233662	20.0
2233675	19.0
2233716	20.0
2234044	21.0
2236625	20.0
2237263	19.0
2237925	23.0
2237938	20.0
2237939	19.0
2238159	23.0
2238276	24.0
2238289	23.0
2238292	24.0
2238664	23.0
2238780	24.0
2239338	25.0
2239353	24.0
2240660	25.0
2241749	24.0
2241750	23.0
2241832	25.0
2241897	24.0
2241898	23.0
2241951	25.0
2242133	24.0
2242162	23.0
2242163	22.0
2242205	24.0
2242313	25.0
2242326	24.0
2242448	25.0
2242611	24.0
2242679	25.0
2242692	24.0
2242705	25.0
2242718	24.0
2242729	25.0
2244663	26.0
2245773	25.0
2247792	24.0
2247960	25.0
2247970	24.0
2248395	25.0
2248409	24.0
2248422	25.0
2248435	24.0
2251893	23.0
2251894	21.0
2251895	17.0
2251896	14.0
2251897	8.0
2251898	3.0
2251899	1.0
2251900	0.0
2317110	1.0
2317125	0.0
2317561	1.0
2317576	0.0
2317839	1.0
2317949	24.0
2318808	25.0
2318823	24.0
2318884	25.0
2319069	24.0
2319090	22.0
2319091	21.0
2319092	19.0
2319093	15.0
2319094	7.0
2319095	1.0
2319096	0.0
2319157	25.0
2319168	23.0
2319169	21.0
2319170	18.0
2319171	10.0
2319172	4.0
2319173	1.0
2319174	0.0
2319176	25.0
2319242	24.0
2319263	22.0
2319264	21.0
2319265	19.0
2319266	16.0
2319267	8.0
2319268	3.0
2319269	1.0
2319270	0.0
2319281	24.0
2319290	22.0
2319291	20.0
2319292	17.0
2319293	9.0
2319294	4.0
2319295	1.0
2319296	0.0
2320641	1.0
2320656	0.0
2322591	25.0
2322598	25.0
2322599	23.0
2322600	22.0
2322601	20.0
2322602	16.0
2322603	8.0
2322604	2.0
2322605	1.0
2322606	0.0
2322616	25.0
2322623	25.0
2322624	23.0
2322625	22.0
2322626	20.0
2322627	16.0
2322628	8.0
2322629	2.0
2322630	1.0
2322631	0.0
2322686	1.0
2322687	25.0
2322754	23.0
2322755	22.0
2322756	20.0
2322757	16.0
2322758	8.0
2322759	3.0
2322760	1.0
2322761	0.0
2329912	25.0
2329922	23.0
2329923	21.0
2329924	18.0
2329925	10.0
2329926	4.0
2329927	1.0
2329928	0.0
2850316	17.0
2850340	16.0
2850341	13.0
2850342	7.0
2850343	3.0
2850344	1.0
2850345	0.0
2850528	17.0
2850542	16.0
2850543	11.0
2850544	5.0
2850545	1.0
2850546	0.0
3440815	18.0
3440828	17.0
3440830	16.0
3440831	13.0
3440832	9.0
3440833	4.0
3440834	1.0
3440835	0.0
3440885	19.0
3440897	18.0
3440899	17.0
3440900	12.0
3440901	19.0
3440920	20.0
3441060	22.0
3441066	22.0
3441072	21.0
3441073	20.0
3441102	19.0
3441152	18.0
3441263	19.0
3441279	18.0
3442525	17.0
3442567	18.0
3442581	17.0
3442682	18.0
3442983	20.0
3443562	19.0
3443563	18.0
3444433	19.0
3444446	18.0
3444455	19.0
3444468	18.0
3444482	19.0
3444495	18.0
3444503	17.0
3444504	16.0
3444505	12.0
3444506	6.0
3444507	1.0
3444508	0.0
3444525	1.0
3444540	0.0
3444613	18.0
3444624	17.0
3444626	16.0
3444627	11.0
3444628	5.0
3444629	1.0
3444630	0.0
3444739	18.0
3445440	20.0
3445601	19.0
3445602	18.0
3445883	20.0
3446142	19.0
3446143	18.0
3446144	13.0
3446145	6.0
3446146	1.0
3446147	0.0
3446433	20.0
3446586	21.0
3446608	19.0
3446609	18.0
3446638	21.0
3446746	20.0
3446747	19.0
3446748	18.0
3446790	19.0
3446800	18.0
3446913	17.0
3446915	15.0
3446916	8.0
3446917	5.0
3446918	1.0
3446919	0.0
4651466	10.0
4651476	9.0
4651479	7.0
4651480	4.0
4651481	1.0
4651482	0.0
