232462	1.0
232494	0.0
232732	1.0
232877	0.0
232892	1.0
233162	2.0
233200	1.0
233201	0.0
233224	1.0
233276	0.0
322561	1.0
322597	1.0
323209	0.0
333499	2.0
333531	1.0
333532	0.0
333533	2.0
333547	1.0
333548	0.0
333555	2.0
333720	4.0
334117	3.0
334118	2.0
335184	1.0
340118	0.0
417343	1.0
419785	0.0
512124	1.0
512440	0.0
932606	1.0
932622	0.0
932642	1.0
932658	0.0
933257	1.0
933601	0.0
933666	1.0
933682	0.0
933736	1.0
933751	0.0
934636	4.0
934649	3.0
934650	2.0
934651	1.0
934652	0.0
935106	1.0
935121	0.0
938423	1.0
1010922	4.0
1011623	3.0
1011624	2.0
1011625	1.0
1013248	2.0
1017419	5.0
1017426	5.0
1017432	3.0
1017433	2.0
1018236	3.0
1020719	2.0
1032077	19.0
1032284	18.0
1032307	19.0
1032405	17.0
1032406	16.0
1032407	11.0
1032408	8.0
1032409	7.0
1032986	19.0
1032992	19.0
1032995	17.0
1032996	14.0
1032997	10.0
1032998	8.0
1032999	7.0
1033143	19.0
1033272	17.0
1033273	16.0
1033274	11.0
1033275	8.0
1033276	7.0
1033384	19.0
1033390	19.0
1033393	17.0
1033394	16.0
1033395	11.0
1033396	8.0
1033397	7.0
1033499	19.0
1036392	20.0
1036407	19.0
1036410	20.0
1036429	19.0
1036452	20.0
1036610	19.0
1039526	23.0
1040174	22.0
1040175	21.0
1040176	20.0
1040177	19.0
1040408	23.0
1042218	22.0
1042219	21.0
1042220	20.0
1042221	19.0
1042256	23.0
1042265	22.0
1042266	21.0
1042267	20.0
1042268	19.0
1042371	23.0
1042984	22.0
1042985	23.0
1042991	23.0
1042995	22.0
1042996	21.0
1042997	20.0
1042998	19.0
1043101	23.0
1045526	22.0
1045527	21.0
1045528	20.0
1045529	19.0
1045648	23.0
1046431	22.0
1046432	21.0
1046433	20.0
1046434	19.0
1046555	23.0
1046566	22.0
1046567	21.0
1046568	20.0
1046569	19.0
1046644	23.0
1046655	22.0
1046656	21.0
1046657	20.0
1046658	19.0
1046773	23.0
1046779	23.0
1046783	22.0
1046784	21.0
1046785	20.0
1046786	19.0
1046920	23.0
1046926	23.0
1046930	22.0
1046931	21.0
1046932	20.0
1046933	19.0
1047151	23.0
1047157	23.0
1047161	22.0
1047162	21.0
1047163	20.0
1047164	19.0
1047262	23.0
1047268	23.0
1047272	22.0
1047273	21.0
1047274	20.0
1047275	19.0
1047308	23.0
1047319	22.0
1047320	21.0
1047321	20.0
1047322	19.0
1047481	23.0
1053437	22.0
1106218	21.0
1106219	20.0
1106852	22.0
1109096	21.0
1109097	22.0
1110626	23.0
1110649	22.0
1110665	23.0
1110677	22.0
1110692	23.0
1111291	24.0
1111307	23.0
1111509	24.0
1112009	23.0
1112135	21.0
1112136	20.0
1112220	21.0
1112234	20.0
1112281	23.0
1112286	23.0
1112410	24.0
1112423	23.0
1112488	24.0
1112909	23.0
1113126	24.0
1113779	23.0
1116092	21.0
1116093	20.0
1116155	23.0
1116167	21.0
1116168	20.0
1116219	23.0
1120354	24.0
1120460	23.0
1121008	22.0
1121009	21.0
1121010	20.0
1121061	23.0
1121624	21.0
1121625	20.0
1121738	23.0
1122080	22.0
1122081	21.0
1122082	20.0
1123013	23.0
1123403	21.0
1123404	20.0
1123589	19.0
1123908	22.0
1124157	20.0
1124158	19.0
1126347	22.0
1126352	22.0
1126358	20.0
1126359	19.0
1127280	22.0
1127285	22.0
1127291	20.0
1127292	19.0
1128589	22.0
1129054	20.0
1129055	19.0
1209319	21.0
1209331	20.0
1209332	19.0
1209529	21.0
1210092	20.0
1210093	19.0
1210483	21.0
1213024	20.0
1213370	21.0
1214584	20.0
1214657	21.0
1214811	20.0
1214958	21.0
1221513	20.0
1237344	21.0
1237891	20.0
1238317	21.0
1238923	20.0
1239976	21.0
1240010	20.0
1240692	21.0
1240704	20.0
1240849	21.0
1240860	20.0
1241196	21.0
1241207	20.0
1241477	21.0
1241676	20.0
1241733	21.0
1241745	20.0
1241884	21.0
1242513	20.0
1243560	21.0
1243571	20.0
1243725	21.0
1244276	20.0
1244516	21.0
1244528	20.0
1244562	21.0
1245218	20.0
1245476	21.0
1246113	20.0
1246320	21.0
1247175	20.0
1248965	21.0
1248976	20.0
1249049	21.0
1249060	20.0
1249208	21.0
1249579	20.0
1250743	21.0
1251553	20.0
1252676	21.0
1253316	20.0
1254437	21.0
1254637	20.0
1254758	21.0
1255132	20.0
1255397	21.0
1257939	20.0
1258132	21.0
1258789	20.0
1258969	21.0
1258981	20.0
1259106	21.0
1259588	20.0
1259837	21.0
1260523	20.0
1260795	21.0
1260930	20.0
1261060	21.0
1261071	20.0
1261193	21.0
1261415	20.0
1261639	21.0
1262314	20.0
1262536	21.0
1263283	20.0
1263478	21.0
1264114	20.0
1264452	21.0
1265070	20.0
1266117	21.0
1267723	20.0
1268042	21.0
1268680	20.0
1269022	21.0
1269515	20.0
1276039	21.0
1279452	20.0
1282308	21.0
1282319	20.0
1282343	21.0
1282354	20.0
1282567	21.0
1285358	20.0
1285555	21.0
1286327	20.0
1287033	21.0
1323337	20.0
1323477	21.0
1324117	20.0
1324499	21.0
1324992	20.0
1325176	21.0
1325884	20.0
1326084	21.0
1326096	20.0
1326212	21.0
1326784	20.0
1326970	21.0
1326982	20.0
1327119	21.0
1327130	20.0
1327358	21.0
1327369	20.0
1327492	21.0
1327503	20.0
1327705	21.0
1327716	20.0
1328758	21.0
1329643	20.0
1330557	21.0
1331403	20.0
1333277	21.0
1336765	20.0
1336915	21.0
1337594	20.0
1338439	21.0
1338450	20.0
1339557	21.0
1340422	20.0
1340586	21.0
1340598	20.0
1340636	21.0
1342008	20.0
1342276	21.0
1344001	20.0
1344957	21.0
1345728	20.0
1347636	21.0
1349383	20.0
1350356	21.0
1360251	20.0
1360270	21.0
1360281	20.0
1362962	21.0
1365457	20.0
1366732	21.0
1367318	20.0
1371405	21.0
1398143	20.0
1398380	21.0
1398391	20.0
1398544	21.0
1403379	20.0
1404154	21.0
1409514	20.0
1409868	21.0
1410148	20.0
1411592	21.0
1412417	20.0
1413141	21.0
1413153	20.0
1413222	21.0
1413234	20.0
1413342	21.0
1414062	20.0
1414271	21.0
1415916	20.0
1415996	21.0
1416855	21.0
1417711	20.0
1417872	21.0
1418558	20.0
1418764	21.0
1419595	20.0
1419756	21.0
1419768	20.0
1419791	21.0
1420367	20.0
1423091	21.0
1423103	20.0
1423127	21.0
1423139	20.0
1423351	21.0
1423953	20.0
1425794	21.0
1425805	20.0
1426012	21.0
1426692	20.0
1427044	21.0
1427638	20.0
1427900	21.0
1428453	20.0
1429553	21.0
1429564	20.0
1429672	21.0
1430064	20.0
1430174	21.0
1430185	20.0
1430263	21.0
1430274	20.0
1431393	21.0
1432140	20.0
1433190	21.0
1433876	20.0
1434270	21.0
1434772	20.0
1434993	21.0
1435020	20.0
1435194	21.0
1436484	20.0
1437671	21.0
1443878	20.0
1449013	21.0
1449274	22.0
1449399	21.0
1449418	22.0
1449430	21.0
1449602	22.0
1450470	21.0
1450484	22.0
1450745	23.0
1452204	22.0
1452465	21.0
1452716	22.0
1453514	23.0
1454312	22.0
1454632	23.0
1454642	22.0
1454835	23.0
1455178	22.0
1455633	23.0
1455644	22.0
1464200	23.0
1464239	22.0
1464309	23.0
1464321	22.0
1464653	23.0
1464677	22.0
1464687	23.0
1464699	22.0
1464949	23.0
1464960	22.0
1465310	23.0
1465835	22.0
1466002	23.0
1468346	22.0
1468668	23.0
1468965	22.0
1468978	23.0
1468990	22.0
1469122	23.0
1469358	22.0
1469373	23.0
1473489	24.0
1474066	23.0
1474174	24.0
1490526	25.0
1490538	24.0
1490996	25.0
1495055	24.0
1495662	25.0
1497908	24.0
1500645	25.0
1522298	24.0
1530385	25.0
1532654	24.0
1532731	25.0
1533809	24.0
1534040	25.0
1534216	24.0
1535945	25.0
1536642	24.0
1536835	25.0
1536847	24.0
1536873	25.0
1537415	24.0
1537471	25.0
1537541	24.0
1537710	25.0
1547202	24.0
1547203	23.0
1547644	25.0
1547656	25.0
1548283	24.0
1548284	23.0
1548374	25.0
1550097	24.0
1550126	23.0
1550127	22.0
1550683	25.0
1550695	23.0
1550696	22.0
1550916	24.0
1550928	23.0
1550929	22.0
1551640	25.0
1552652	24.0
1553363	25.0
1553376	24.0
1553386	25.0
1553398	24.0
1553606	23.0
1553607	22.0
1553666	24.0
1553678	23.0
1553679	22.0
1553891	23.0
1553903	22.0
1554431	25.0
1554717	24.0
1554957	25.0
1555334	24.0
1555601	23.0
1555602	22.0
1556229	24.0
1556241	23.0
1556242	22.0
1556804	24.0
1556889	25.0
1556902	24.0
1557069	25.0
1557081	24.0
1557145	25.0
1560049	23.0
1560050	22.0
1629813	23.0
1637678	24.0
1637690	23.0
1637797	24.0
1638221	23.0
1638266	24.0
1638390	23.0
1638840	24.0
1640078	20.0
1640079	19.0
1648591	18.0
1649385	19.0
1651162	18.0
1651174	19.0
1651651	18.0
1651776	19.0
1652235	18.0
1654372	17.0
1721612	18.0
1721625	17.0
1721630	18.0
1721643	17.0
1721655	18.0
1721668	17.0
1721693	18.0
1721709	17.0
1721843	18.0
1723820	17.0
2061770	22.0
2061888	22.0
2061899	20.0
2061900	18.0
2061901	17.0
2063869	21.0
2063880	19.0
2063881	18.0
2063882	17.0
2066690	21.0
2066703	18.0
2066704	17.0
2066941	21.0
2067422	21.0
2067435	18.0
2067436	17.0
2067499	21.0
2067512	18.0
2067513	17.0
2067941	21.0
2068326	18.0
2068327	17.0
2068495	21.0
2072068	18.0
2072069	17.0
2130710	18.0
2136953	22.0
2137181	20.0
2137182	19.0
2137183	18.0
2216222	19.0
2216235	18.0
2230114	19.0
2230129	18.0
2230939	19.0
2231812	20.0
2233125	19.0
2233623	20.0
2233641	19.0
2233663	20.0
2233675	19.0
2233717	20.0
2234041	21.0
2236625	20.0
2237263	19.0
2237924	23.0
2237938	20.0
2237939	19.0
2238158	23.0
2238275	24.0
2238289	23.0
2238291	24.0
2238664	23.0
2238779	24.0
2239339	25.0
2239353	24.0
2240659	25.0
2241749	24.0
2241750	23.0
2241831	25.0
2241897	24.0
2241898	23.0
2241950	25.0
2242133	24.0
2242162	23.0
2242163	22.0
2242206	24.0
2242312	25.0
2242326	24.0
2242447	25.0
2242611	24.0
2242678	25.0
2242692	24.0
2242704	25.0
2242718	24.0
2242728	25.0
2244664	26.0
2245773	25.0
2247792	24.0
2247961	25.0
2247970	24.0
2248396	25.0
2248409	24.0
2248423	25.0
2248435	24.0
2251900	23.0
2257954	22.0
2317956	24.0
2318815	25.0
2318823	24.0
2318889	25.0
2319069	24.0
2319096	23.0
2319119	24.0
2319164	25.0
2319174	24.0
2319182	25.0
2319242	24.0
2319270	23.0
2319287	24.0
2319296	23.0
2321113	22.0
2321835	23.0
2321844	22.0
2322545	23.0
2322584	24.0
2322593	23.0
2322596	24.0
2322606	23.0
2322621	24.0
2322631	23.0
2322692	24.0
2322693	25.0
2322761	24.0
2323285	25.0
2323294	24.0
2323808	25.0
2323852	24.0
2329919	25.0
2329921	25.0
2329927	23.0
2329928	22.0
2333838	23.0
2334049	22.0
2676855	21.0
2677506	22.0
2677707	21.0
2735450	22.0
2735465	23.0
2735676	22.0
2735677	21.0
2735693	23.0
2735702	22.0
2735703	21.0
2736231	23.0
2736717	22.0
2736718	21.0
2754451	20.0
2754526	21.0
2754581	20.0
2821938	21.0
2821949	20.0
2821964	21.0
2821975	20.0
2821991	21.0
2822002	20.0
2822018	21.0
2822029	20.0
2822045	21.0
2822056	20.0
2822072	21.0
2824716	20.0
2824717	15.0
2824718	11.0
2824719	5.0
2824720	3.0
2824721	1.0
2824722	0.0
2824932	21.0
2825627	20.0
2825628	15.0
2825629	11.0
2825630	5.0
2825631	3.0
2825632	1.0
2825633	0.0
2828035	21.0
2828040	22.0
2828055	21.0
2828064	22.0
2828090	21.0
2828091	16.0
2828092	12.0
2828093	6.0
2828094	4.0
2828095	2.0
2828096	1.0
2828213	0.0
2831573	1.0
2831588	0.0
2831806	1.0
2831848	3.0
2835697	22.0
2835766	21.0
2835767	16.0
2835768	9.0
2835769	4.0
2835770	3.0
2860785	2.0
2860786	1.0
2860787	0.0
2916357	17.0
2916445	16.0
2916446	13.0
2916447	9.0
2916448	4.0
2916449	1.0
2916450	0.0
2923868	16.0
2923896	17.0
2923907	16.0
2924198	15.0
2924199	12.0
2924200	9.0
2924201	4.0
2924202	1.0
2924203	0.0
2929303	17.0
2929621	16.0
2929622	12.0
2929623	9.0
2929624	4.0
2929625	1.0
2929626	0.0
2931693	17.0
2932347	18.0
2932855	17.0
2993379	18.0
2993397	17.0
2993766	18.0
2993780	17.0
2993841	18.0
2995235	17.0
2995739	18.0
2996983	17.0
2997657	18.0
2997671	17.0
3115911	18.0
3117081	17.0
3118081	18.0
3118250	17.0
3118814	18.0
3119150	17.0
3259998	19.0
3260476	18.0
3260477	17.0
3261652	16.0
3262577	17.0
3263157	16.0
3263373	17.0
3263387	16.0
3263649	17.0
3263824	16.0
3264237	17.0
3352455	18.0
3352469	17.0
3357003	18.0
3357017	17.0
3357317	18.0
3357863	17.0
3432751	16.0
3432752	11.0
3432753	8.0
3432754	4.0
3432755	1.0
3432756	0.0
5264610	5.0
5265335	6.0
5265668	5.0
5265785	6.0
5265870	5.0
5266221	4.0
5266357	3.0
5266617	2.0
5266679	1.0
5266680	0.0
5266788	2.0
5266912	3.0
5267074	4.0
5268862	3.0
5268946	2.0
5268970	3.0
5268977	3.0
5268983	2.0
5268984	1.0
5269058	2.0
5269073	1.0
5269113	0.0
5269122	1.0
5269138	0.0
5269228	1.0
5269244	0.0
5269274	1.0
5269290	0.0
