326330	1.0
328130	0.0
328222	1.0
328718	0.0
328722	1.0
328737	0.0
328756	1.0
328771	0.0
328796	1.0
328811	0.0
328838	1.0
328853	0.0
328865	1.0
333500	2.0
333532	1.0
333534	2.0
333548	1.0
333556	2.0
333720	4.0
334117	3.0
334118	2.0
335183	1.0
335184	0.0
1464196	23.0
1464233	21.0
1464234	18.0
1464235	12.0
1464236	6.0
1464237	3.0
1464238	1.0
1464239	0.0
1464305	23.0
1464315	21.0
1464316	18.0
1464317	12.0
1464318	6.0
1464319	3.0
1464320	1.0
1464321	0.0
1464649	23.0
1464670	22.0
1464671	21.0
1464672	18.0
1464673	12.0
1464674	6.0
1464675	3.0
1464676	1.0
1464677	0.0
1464683	23.0
1464692	22.0
1464693	21.0
1464694	18.0
1464695	12.0
1464696	6.0
1464697	3.0
1464698	1.0
1464699	0.0
1464945	23.0
1464953	22.0
1464954	21.0
1464955	18.0
1464956	12.0
1464957	6.0
1464958	3.0
1464959	1.0
1464960	0.0
1465306	23.0
1465829	21.0
1465830	18.0
1465831	12.0
1465832	6.0
1465833	3.0
1465834	1.0
1465835	0.0
1465998	23.0
1468341	21.0
1468342	15.0
1468343	7.0
1468344	3.0
1468345	1.0
1468346	0.0
1468664	23.0
1468960	21.0
1468961	15.0
1468962	7.0
1468963	3.0
1468964	1.0
1468965	0.0
1468974	23.0
1468985	21.0
1468986	15.0
1468987	7.0
1468988	3.0
1468989	1.0
1468990	0.0
1469118	23.0
1469353	21.0
1469354	15.0
1469355	7.0
1469356	3.0
1469357	1.0
1469358	0.0
1469369	23.0
1473486	24.0
1474066	23.0
1474171	24.0
1490529	25.0
1490538	24.0
1490999	25.0
1495055	24.0
1495665	25.0
1497908	24.0
1500648	25.0
1522298	24.0
1530388	25.0
1532654	24.0
1532734	25.0
1533809	24.0
1534043	25.0
1534216	24.0
1535948	25.0
1536642	24.0
1536838	25.0
1536847	24.0
1536876	25.0
1537415	24.0
1537474	25.0
1537541	24.0
1537713	25.0
1547202	24.0
1547203	23.0
1547647	25.0
1547656	24.0
1547657	23.0
1547659	25.0
1548283	24.0
1548284	23.0
1548377	25.0
1550097	24.0
1550126	23.0
1550127	22.0
1550686	25.0
1550695	23.0
1550696	22.0
1550919	24.0
1550928	23.0
1550929	22.0
1551643	25.0
1552652	24.0
1553366	25.0
1553376	24.0
1553389	25.0
1553398	24.0
1553606	23.0
1553607	22.0
1553669	24.0
1553678	23.0
1553679	22.0
1553894	23.0
1553903	22.0
1554434	25.0
1554717	24.0
1554960	25.0
1555334	24.0
1555601	23.0
1555602	22.0
1556232	24.0
1556241	23.0
1556242	22.0
1556807	24.0
1556892	25.0
1556902	24.0
1557072	25.0
1557081	24.0
1557148	25.0
1560049	23.0
1560050	22.0
1629814	23.0
1637675	24.0
1637690	23.0
1637794	24.0
1638221	23.0
1638265	24.0
1638390	23.0
1638841	24.0
1640075	23.0
1640076	17.0
1640077	9.0
1640078	6.0
1640079	5.0
1640105	4.0
2059898	5.0
2061769	22.0
2061886	21.0
2061887	22.0
2061897	21.0
2061898	15.0
2061899	8.0
2061900	6.0
2061901	5.0
2062382	4.0
2063868	21.0
2063878	20.0
2063879	14.0
2063880	7.0
2063881	5.0
2063882	4.0
2064238	5.0
2064653	4.0
2066689	21.0
2066701	17.0
2066702	9.0
2066703	5.0
2066704	4.0
2066940	21.0
2067420	17.0
2067421	21.0
2067433	17.0
2067434	9.0
2067435	5.0
2067436	4.0
2067498	21.0
2067510	17.0
2067511	9.0
2067512	5.0
2067513	4.0
2067940	21.0
2068324	17.0
2068325	9.0
2068326	5.0
2068327	4.0
2068494	21.0
2072066	17.0
2072067	9.0
2072068	5.0
2072069	4.0
2136953	22.0
2137178	21.0
2137179	16.0
2137180	9.0
2137181	6.0
2137182	5.0
2137183	4.0
2237924	23.0
2237935	22.0
2237936	16.0
2237937	9.0
2237938	5.0
2237939	4.0
2238158	23.0
2238274	24.0
2238289	23.0
2238290	24.0
2238664	23.0
2238778	24.0
2239340	25.0
2239353	24.0
2240658	25.0
2241749	24.0
2241750	23.0
2241831	25.0
2241897	24.0
2241898	23.0
2241950	25.0
2242133	24.0
2242162	23.0
2242163	22.0
2242202	24.0
2242314	25.0
2242326	24.0
2242447	25.0
2242611	24.0
2242678	25.0
2242692	24.0
2242704	25.0
2242718	24.0
2242727	25.0
2244661	26.0
2245773	25.0
2247792	24.0
2247958	25.0
2247970	24.0
2248401	25.0
2248409	24.0
2248424	25.0
2248435	24.0
2251900	23.0
2257954	22.0
2317953	24.0
2318812	25.0
2318823	24.0
2318886	25.0
2319069	24.0
2319096	23.0
2319117	24.0
2319162	25.0
2319174	24.0
2319180	25.0
2319242	24.0
2319270	23.0
2319285	24.0
2319296	23.0
2321113	22.0
2321832	23.0
2321844	22.0
2322542	23.0
2322581	24.0
2322593	24.0
2322606	23.0
2322618	24.0
2322631	23.0
2322689	24.0
2322690	25.0
2322761	24.0
2323282	25.0
2323294	24.0
2323806	25.0
2323852	24.0
2329916	25.0
2329921	25.0
2329927	23.0
2329928	22.0
2333835	23.0
2334049	22.0
2676850	20.0
2676851	19.0
2676852	13.0
2676853	5.0
2676854	1.0
2676855	0.0
2677500	22.0
2677701	20.0
2677702	18.0
2677703	11.0
2677704	4.0
2677705	2.0
2677706	1.0
2677707	0.0
3349044	1.0
3349866	0.0
3352453	18.0
3352463	17.0
3352464	12.0
3352465	9.0
3352466	6.0
3352467	3.0
3352468	1.0
3352469	0.0
3352868	1.0
3353283	0.0
3353409	1.0
3353425	0.0
3446785	19.0
3446792	17.0
3446793	15.0
3446794	13.0
3446795	8.0
3446796	5.0
3446797	3.0
3446798	2.0
3446799	1.0
3446800	0.0
3447072	18.0
3447079	16.0
3447080	14.0
3447081	11.0
3447082	8.0
3447083	5.0
3447084	3.0
3447085	2.0
3447086	1.0
3447087	0.0
3447160	18.0
3447484	20.0
3447496	19.0
3447497	18.0
3447569	20.0
3447954	19.0
3447955	18.0
3447978	20.0
3448326	18.0
3448327	15.0
3448328	8.0
3448329	5.0
3448330	3.0
3448331	2.0
3448332	1.0
3448333	0.0
3448415	20.0
3449082	20.0
3449273	19.0
3449397	20.0
3451062	17.0
3451063	14.0
3451064	12.0
3451065	11.0
3451066	8.0
3451067	7.0
3451083	20.0
3451088	20.0
3451090	17.0
3451091	14.0
3451092	12.0
3451093	11.0
3451094	8.0
3451095	7.0
3451150	20.0
3451156	20.0
3451157	17.0
3451158	14.0
3451159	12.0
3451160	11.0
3451161	10.0
3451162	8.0
3451163	7.0
3451239	20.0
3451645	19.0
3451646	18.0
3451647	17.0
3451648	15.0
3451649	11.0
3451650	10.0
3451651	8.0
3451652	20.0
3451896	21.0
3452015	17.0
3452016	14.0
3452017	11.0
3452018	7.0
3452019	3.0
3452020	2.0
3452021	1.0
3452022	0.0
3452648	19.0
3452701	16.0
3452702	13.0
3452703	11.0
3452704	10.0
3452705	9.0
3452713	19.0
3452718	19.0
3452721	16.0
3452722	13.0
3452723	11.0
3452724	10.0
3452725	9.0
3452768	20.0
3452772	19.0
3452776	16.0
3452777	13.0
3452778	19.0
3452861	20.0
3452873	19.0
3452997	18.0
3452998	17.0
3452999	15.0
3453000	10.0
3453001	8.0
3453002	7.0
3453079	9.0
3453083	19.0
3453087	20.0
3453261	19.0
3453262	18.0
3453339	20.0
3453342	20.0
3453344	19.0
3453345	18.0
3453347	17.0
3453998	15.0
3453999	9.0
3454000	7.0
3454001	6.0
3454265	17.0
3454270	16.0
3454272	15.0
3454273	13.0
3454274	10.0
3454275	8.0
3454276	7.0
3454277	6.0
3454618	17.0
3455912	15.0
3455913	9.0
3455914	7.0
3455915	6.0
3456044	17.0
3456667	15.0
3456668	9.0
3456669	7.0
3456670	6.0
3456681	17.0
3456689	15.0
3456690	9.0
3456691	7.0
3456692	6.0
3456729	17.0
3456737	15.0
3456738	9.0
3456739	7.0
3456740	6.0
3457259	17.0
3457592	15.0
3457593	9.0
3457594	7.0
3457595	6.0
3457596	5.0
3457597	3.0
3457598	2.0
3457599	1.0
3457600	0.0
3457770	17.0
3457778	15.0
3457779	9.0
3457780	7.0
3457781	6.0
3457782	5.0
3457783	3.0
3457784	2.0
3457785	1.0
3457786	0.0
4042430	1.0
4042445	0.0
4042628	1.0
4042643	0.0
4042657	1.0
4042672	0.0
4042703	1.0
4042721	0.0
4557262	1.0
4558446	15.0
4558699	14.0
4559128	15.0
4559139	14.0
4559327	15.0
4559333	16.0
4559343	15.0
4559461	16.0
4559471	15.0
4560091	14.0
4560092	11.0
4560093	9.0
4560094	4.0
4560095	3.0
4560096	2.0
4560097	1.0
4560098	0.0
4562278	1.0
4562795	0.0
4562919	1.0
4563233	0.0
4563566	1.0
4563587	0.0
