1015472	1.0
1015949	0.0
1017665	1.0
1017680	0.0
1449269	22.0
1449393	20.0
1449394	18.0
1449395	14.0
1449396	9.0
1449397	4.0
1449398	1.0
1449399	0.0
1449413	22.0
1449424	20.0
1449425	18.0
1449426	14.0
1449427	9.0
1449428	4.0
1449429	1.0
1449430	0.0
1449597	22.0
1450464	20.0
1450465	18.0
1450466	14.0
1450467	9.0
1450468	4.0
1450469	1.0
1450470	0.0
1450479	22.0
1450748	23.0
1452198	21.0
1452199	18.0
1452200	14.0
1452201	9.0
1452202	4.0
1452203	1.0
1452204	0.0
1453509	23.0
1454306	21.0
1454307	18.0
1454308	14.0
1454309	9.0
1454310	4.0
1454311	1.0
1454312	0.0
1454627	23.0
1454636	21.0
1454637	18.0
1454638	14.0
1454639	9.0
1454640	4.0
1454641	1.0
1454642	0.0
1454830	23.0
1455172	21.0
1455173	18.0
1455174	14.0
1455175	9.0
1455176	4.0
1455177	1.0
1455178	0.0
1455628	23.0
1455638	21.0
1455639	18.0
1455640	14.0
1455641	9.0
1455642	4.0
1455643	1.0
1455644	0.0
1637674	24.0
1637685	20.0
1637686	14.0
1637687	7.0
1637688	5.0
1637689	1.0
1637690	0.0
1637793	24.0
1638216	21.0
1638217	15.0
1638218	7.0
1638219	5.0
1638220	1.0
1638221	0.0
1638264	24.0
1638386	21.0
1638387	10.0
1638388	6.0
1638389	1.0
1638390	0.0
1638839	24.0
1640075	23.0
1640076	17.0
1640077	9.0
1640078	6.0
1640079	5.0
1640101	4.0
1640104	1.0
1640105	0.0
2130709	18.0
2136951	22.0
2137181	20.0
2137182	19.0
2137183	18.0
2216222	19.0
2216235	18.0
2230116	19.0
2230129	18.0
2230939	19.0
2231812	20.0
2233125	19.0
2233625	20.0
2233641	19.0
2233663	20.0
2233675	19.0
2233717	20.0
2234043	21.0
2236625	20.0
2237263	19.0
2237924	23.0
2237938	20.0
2237939	19.0
2238158	23.0
2238275	24.0
2238289	23.0
2238291	24.0
2238664	23.0
2238778	24.0
2239339	25.0
2239353	24.0
2240657	25.0
2241749	24.0
2241750	23.0
2241829	25.0
2241897	24.0
2241898	23.0
2241949	25.0
2242133	24.0
2242162	23.0
2242163	22.0
2242201	24.0
2242322	20.0
2242323	15.0
2242324	7.0
2242325	1.0
2242326	0.0
2242445	25.0
2242611	24.0
2242677	25.0
2242692	24.0
2242702	25.0
2242718	24.0
2242726	25.0
2244664	26.0
2245773	25.0
2247792	24.0
2247961	25.0
2247970	24.0
2248396	25.0
2248409	24.0
2248423	25.0
2248435	24.0
2251900	23.0
2257954	22.0
2317956	24.0
2318815	25.0
2318823	24.0
2318889	25.0
2319069	24.0
2319096	23.0
2319119	24.0
2319164	25.0
2319174	24.0
2319182	25.0
2319242	24.0
2319270	23.0
2319287	24.0
2319296	23.0
2321113	22.0
2321835	23.0
2321844	22.0
2322545	23.0
2322584	24.0
2322593	23.0
2322596	24.0
2322606	23.0
2322621	24.0
2322631	23.0
2322692	24.0
2322693	25.0
2322761	24.0
2323285	25.0
2323294	24.0
2323808	25.0
2323852	24.0
2329919	25.0
2329921	25.0
2329927	23.0
2329928	22.0
2333838	23.0
2334049	22.0
2676855	21.0
2677506	22.0
2677707	21.0
2735448	22.0
2735463	23.0
2735676	22.0
2735677	21.0
2735691	23.0
2735702	22.0
2735703	21.0
2736229	23.0
2736717	22.0
2736718	21.0
2754451	20.0
2754526	21.0
2754581	20.0
2821938	21.0
2821949	20.0
2821964	21.0
2821975	20.0
2821991	21.0
2822002	20.0
2822018	21.0
2822029	20.0
2822045	21.0
2822056	20.0
2822072	21.0
2824722	20.0
2824933	21.0
2825633	20.0
2827431	21.0
2827446	20.0
2828036	21.0
2828040	22.0
2828055	21.0
2828066	22.0
2828095	21.0
2828096	20.0
2829202	17.0
2829203	8.0
2829204	2.0
2829205	1.0
2829233	20.0
2830062	19.0
2830063	14.0
2830064	10.0
2830065	4.0
2830066	2.0
2830067	1.0
2830427	20.0
2830434	20.0
2830436	19.0
2830437	14.0
2830438	10.0
2830439	4.0
2830440	2.0
2830441	1.0
2830557	20.0
2830900	19.0
2830901	14.0
2830902	7.0
2830903	2.0
2830904	1.0
2831711	2.0
2831725	1.0
2831848	3.0
2835700	22.0
2835766	21.0
2835767	16.0
2835768	9.0
2835769	4.0
2835770	3.0
2860786	2.0
2860787	1.0
3259996	19.0
3260471	18.0
3260472	14.0
3260473	11.0
3260474	6.0
3260475	3.0
3260476	2.0
3260477	1.0
3441059	22.0
3441066	22.0
3441067	21.0
3441068	20.0
3441069	17.0
3441070	12.0
3441071	5.0
3441072	2.0
3441073	1.0
3442982	20.0
3443557	19.0
3443558	18.0
3443559	15.0
3443560	11.0
3443561	5.0
3443562	2.0
3443563	1.0
3444651	19.0
3444659	19.0
3444660	18.0
3444661	17.0
3444662	14.0
3444663	10.0
3444664	5.0
3444665	2.0
3444666	1.0
3445439	20.0
3445596	19.0
3445597	18.0
3445598	14.0
3445599	11.0
3445600	5.0
3445601	2.0
3445602	1.0
3445882	20.0
3446147	19.0
3446436	20.0
3446584	21.0
3446604	19.0
3446605	16.0
3446606	13.0
3446607	6.0
3446608	3.0
3446609	2.0
3446638	21.0
3446742	19.0
3446743	16.0
3446744	13.0
3446745	6.0
3446746	3.0
3446747	2.0
3446748	1.0
3447482	20.0
3447490	20.0
3447491	19.0
3447492	16.0
3447493	13.0
3447494	10.0
3447495	5.0
3447496	2.0
3447497	1.0
3447562	20.0
3447950	18.0
3447951	15.0
3447952	11.0
3447953	6.0
3447954	2.0
3447955	1.0
3447975	20.0
3448333	19.0
3448418	20.0
3449273	19.0
3449395	20.0
3451062	19.0
3451064	18.0
3451065	16.0
3451066	13.0
3451067	12.0
3451081	20.0
3451088	20.0
3451090	19.0
3451092	18.0
3451093	16.0
3451094	13.0
3451095	12.0
3451147	20.0
3451158	19.0
3451160	18.0
3451161	16.0
3451162	13.0
3451163	12.0
3451237	20.0
3451648	18.0
3451649	17.0
3451650	20.0
3451895	21.0
3452022	20.0
3452249	19.0
3452325	18.0
3452443	17.0
3452496	18.0
3452552	17.0
3452553	16.0
3452554	14.0
3452555	12.0
3452556	11.0
3452573	18.0
3452575	18.0
3452578	17.0
3452579	16.0
3452580	14.0
3452581	12.0
3452582	11.0
3452614	12.0
3452628	11.0
3452639	18.0
3452652	19.0
3452701	16.0
3452702	13.0
3452703	11.0
3452704	10.0
3452705	9.0
3452712	19.0
3452718	19.0
3452721	16.0
3452722	13.0
3452723	11.0
3452724	10.0
3452725	9.0
3452765	20.0
3452772	19.0
3452858	20.0
3452873	19.0
3452998	17.0
3452999	16.0
3453000	14.0
3453001	12.0
3453002	11.0
3453022	10.0
3453023	8.0
3453024	5.0
3453025	3.0
3453026	2.0
3453027	1.0
3453077	9.0
3453082	19.0
3453084	20.0
3453252	19.0
3453256	18.0
3453257	16.0
3453258	12.0
3453259	9.0
3453260	6.0
3453261	2.0
3453262	1.0
3453331	20.0
3453338	20.0
3453339	19.0
3453341	15.0
3453342	10.0
3453343	5.0
3453344	2.0
3453345	1.0
4299612	2.0
4299666	1.0
4485517	14.0
4486222	13.0
4486223	11.0
4486224	9.0
4486225	4.0
4486226	3.0
4486227	2.0
4486228	1.0
4486232	14.0
4486240	14.0
4486241	13.0
4486242	11.0
4486243	9.0
4486244	4.0
4486245	3.0
4486246	2.0
4486247	1.0
4486320	14.0
4487206	14.0
4487207	13.0
4487208	11.0
4487209	9.0
4487210	4.0
4487211	3.0
4487212	2.0
4487213	1.0
4487390	14.0
4488044	13.0
4488045	11.0
4488046	9.0
4488047	4.0
4488048	3.0
4488049	2.0
4488050	1.0
4563230	14.0
4563238	14.0
4563239	13.0
4563240	12.0
4563241	10.0
4563242	7.0
4563243	3.0
4563244	2.0
4563245	1.0
4649899	14.0
4649906	13.0
4649907	10.0
4649908	9.0
4649909	8.0
4649910	6.0
4649911	3.0
4649912	2.0
4649913	1.0
4650004	14.0
4650270	15.0
4650282	14.0
4650350	15.0
4651141	14.0
4651156	15.0
4651167	14.0
4651282	13.0
4651283	11.0
4651284	10.0
4651285	9.0
4651467	10.0
4651482	9.0
4653385	14.0
4653466	13.0
4653467	11.0
4653468	10.0
4653469	9.0
4653506	10.0
4653601	15.0
4653611	14.0
4653612	12.0
4653613	11.0
4653614	10.0
4653699	15.0
4654128	16.0
4654221	15.0
4654391	14.0
4654959	13.0
4654960	11.0
4654961	10.0
4654962	9.0
4654975	14.0
4654983	13.0
4654984	11.0
4654985	10.0
4654986	9.0
4655016	14.0
4655019	14.0
4655023	13.0
4655024	11.0
4655025	10.0
4655026	9.0
4655678	14.0
4655990	13.0
4656635	12.0
4656636	10.0
4656637	9.0
4656638	8.0
4656770	13.0
4656991	14.0
4657003	13.0
4657028	12.0
4657029	9.0
4657030	8.0
4657208	14.0
4657233	13.0
4657262	14.0
4657270	13.0
4657407	14.0
4657492	15.0
4658133	14.0
4658134	13.0
4658166	14.0
4658168	16.0
4658178	15.0
4658228	16.0
4658294	15.0
4658303	14.0
4658304	13.0
4658306	15.0
4658335	14.0
4658338	13.0
4658339	11.0
4658340	7.0
4658341	4.0
4658342	2.0
4658343	1.0
4658344	0.0
4658425	15.0
4658544	14.0
4658550	15.0
4659107	14.0
4659111	11.0
4659112	9.0
4659113	8.0
4659114	5.0
4659115	4.0
4659116	3.0
4659117	2.0
4659168	1.0
4659265	14.0
4659272	13.0
4659275	12.0
4659276	10.0
4659277	6.0
4659278	4.0
4659279	2.0
4659280	1.0
4659329	14.0
4659337	13.0
4659340	12.0
4659341	10.0
4659342	6.0
4659343	4.0
4659344	2.0
4659345	1.0
4659355	14.0
4659358	14.0
4659361	13.0
4659362	13.0
4659364	12.0
4659365	10.0
4659366	6.0
4659367	4.0
4659368	2.0
4659369	1.0
4659553	15.0
4661628	14.0
4661631	13.0
4661632	11.0
4661633	6.0
4661634	3.0
4661635	2.0
4661734	15.0
4661839	14.0
4662008	15.0
4662053	16.0
4662065	15.0
4662158	16.0
4662173	15.0
4662208	14.0
4662215	15.0
4662245	14.0
4664488	15.0
4665359	14.0
4665375	15.0
4665387	15.0
4665954	14.0
4667635	15.0
4667714	14.0
4667894	15.0
4667905	14.0
4671709	15.0
4671720	14.0
4671902	15.0
4671941	14.0
4733026	15.0
4733040	14.0
4737607	13.0
4738571	14.0
4738582	13.0
4739426	14.0
4739457	15.0
4739647	14.0
4739648	13.0
4740976	14.0
4740987	13.0
4741008	14.0
4741019	13.0
4742210	12.0
4742338	13.0
4742344	13.0
4742348	12.0
4742716	13.0
4742727	12.0
4742780	13.0
4743324	12.0
4743810	13.0
4744538	12.0
4744695	13.0
4744706	12.0
4744830	13.0
4745135	12.0
4745329	13.0
4745335	13.0
4745339	12.0
4745436	13.0
4745442	13.0
4745446	12.0
4745576	13.0
4745582	13.0
4745586	12.0
4745944	13.0
4746108	12.0
4747115	13.0
4747731	12.0
4748024	13.0
4748648	12.0
4749232	13.0
4749243	12.0
4749247	13.0
4749605	12.0
4749958	13.0
4750325	14.0
4750337	13.0
4750409	12.0
4750440	13.0
4750970	12.0
4751642	13.0
4757845	12.0
4758150	13.0
4758548	12.0
4759002	13.0
4759008	13.0
4759012	12.0
4759535	13.0
4759586	12.0
5184514	11.0
5184517	10.0
5254814	9.0
5254815	6.0
5254816	5.0
5255270	8.0
5255298	7.0
5255299	6.0
5255781	8.0
5255799	7.0
5255800	8.0
5256026	7.0
5256027	6.0
5256162	8.0
5256175	7.0
5256176	6.0
5256191	8.0
5256335	7.0
5256336	6.0
5256486	8.0
5256491	8.0
5256497	7.0
5256498	6.0
5256571	5.0
5256985	6.0
5257000	5.0
5263544	4.0
5264611	5.0
5265336	6.0
5265668	5.0
5265786	6.0
5265870	5.0
5266221	4.0
5266357	3.0
5266616	2.0
5266617	0.0
5266912	3.0
5267073	4.0
5268862	3.0
5268946	2.0
5268969	3.0
5268983	2.0
5268984	1.0
5269059	2.0
5269073	1.0
5269113	0.0
5269122	1.0
5269138	0.0
5269228	1.0
5269244	0.0
