412835	1.0
412873	0.0
412881	1.0
415399	0.0
416185	1.0
416667	2.0
416682	1.0
417347	2.0
417960	1.0
418161	0.0
418257	1.0
418272	0.0
418395	1.0
418404	2.0
419455	1.0
419456	0.0
419995	1.0
420064	0.0
420591	1.0
420877	0.0
420886	1.0
420914	2.0
421077	1.0
421078	0.0
422605	2.0
422619	1.0
422620	0.0
425578	2.0
425620	1.0
425621	0.0
428071	2.0
510657	6.0
510670	5.0
510671	3.0
510672	2.0
510685	6.0
510698	5.0
510699	3.0
510700	2.0
510707	6.0
510720	5.0
510721	3.0
510722	2.0
510730	6.0
510743	5.0
510744	3.0
510745	2.0
510752	6.0
510765	5.0
510766	3.0
510767	2.0
510774	6.0
510790	7.0
510802	6.0
510806	7.0
510818	6.0
511049	7.0
512936	6.0
514186	5.0
514187	4.0
514188	3.0
514425	2.0
1005098	3.0
1005112	2.0
1010924	4.0
1011624	3.0
1011625	2.0
1017291	3.0
1017313	2.0
1017419	5.0
1017426	5.0
1017431	4.0
1017432	3.0
1017433	2.0
1024233	3.0
1024283	4.0
1024523	5.0
1024687	6.0
1024749	6.0
1024763	5.0
1024765	6.0
1024774	7.0
1024785	6.0
1024918	9.0
1025122	10.0
1025515	9.0
1026127	10.0
1026270	11.0
1026632	10.0
1026663	11.0
1026677	10.0
1026701	11.0
1027148	12.0
1028122	13.0
1028146	12.0
1028207	13.0
1029789	12.0
1029825	13.0
1029837	12.0
1029954	13.0
1031251	12.0
1031398	13.0
1031411	12.0
1032070	14.0
1032074	16.0
1032077	19.0
1032284	18.0
1032308	19.0
1032406	18.0
1032407	17.0
1032408	13.0
1032409	12.0
1032481	13.0
1032495	12.0
1032986	19.0
1032992	19.0
1032996	18.0
1032997	17.0
1032998	13.0
1032999	12.0
1033141	19.0
1033273	18.0
1033274	15.0
1033275	13.0
1033276	12.0
1033382	19.0
1033394	18.0
1033395	16.0
1033396	13.0
1033397	12.0
1033498	19.0
1036392	20.0
1036407	19.0
1036410	20.0
1036429	19.0
1036451	20.0
1036610	19.0
1039524	23.0
1040174	22.0
1040175	21.0
1040176	20.0
1040177	19.0
1040406	23.0
1042218	22.0
1042219	21.0
1042220	20.0
1042221	19.0
1042254	23.0
1042265	22.0
1042266	21.0
1042267	20.0
1042268	19.0
1042369	23.0
1042995	22.0
1042996	21.0
1042997	20.0
1042998	19.0
1043099	23.0
1045526	22.0
1045527	21.0
1045528	20.0
1045529	19.0
1045646	23.0
1046431	22.0
1046432	21.0
1046433	20.0
1046434	19.0
1046553	23.0
1046566	22.0
1046567	21.0
1046568	20.0
1046569	19.0
1046642	23.0
1046655	22.0
1046656	21.0
1046657	20.0
1046658	19.0
1046771	23.0
1046783	22.0
1046784	21.0
1046785	20.0
1046786	19.0
1046918	23.0
1046930	22.0
1046931	21.0
1046932	20.0
1046933	19.0
1047149	23.0
1047161	22.0
1047162	21.0
1047163	20.0
1047164	19.0
1047260	23.0
1047272	22.0
1047273	21.0
1047274	20.0
1047275	19.0
1047306	23.0
1047319	22.0
1047320	21.0
1047321	20.0
1047322	19.0
1047479	23.0
1053437	22.0
1106218	21.0
1106219	20.0
1106850	22.0
1110624	23.0
1110649	22.0
1110665	23.0
1110677	22.0
1110692	23.0
1111291	24.0
1111307	23.0
1111509	24.0
1112009	23.0
1112135	21.0
1112136	20.0
1112218	21.0
1112234	20.0
1112279	23.0
1112410	24.0
1112423	23.0
1112486	24.0
1112909	23.0
1113124	24.0
1113779	23.0
1116092	21.0
1116093	20.0
1116153	23.0
1116167	21.0
1116168	20.0
1116217	23.0
1120352	24.0
1120460	23.0
1121008	22.0
1121009	21.0
1121010	20.0
1121059	23.0
1121624	21.0
1121625	20.0
1121736	23.0
1122080	22.0
1122081	21.0
1122082	20.0
1123011	23.0
1123403	21.0
1123404	20.0
1123589	19.0
1123906	22.0
1124157	20.0
1124158	19.0
1126345	22.0
1126352	22.0
1126358	20.0
1126359	19.0
1127278	22.0
1127285	22.0
1127291	20.0
1127292	19.0
1128587	22.0
1129054	20.0
1129055	19.0
1209317	21.0
1209331	20.0
1209332	19.0
1209527	21.0
1210092	20.0
1210093	19.0
1210481	21.0
1213024	20.0
1213368	21.0
1214584	20.0
1214655	21.0
1214811	20.0
1214956	21.0
1221513	20.0
1237342	21.0
1237891	20.0
1238315	21.0
1238923	20.0
1239974	21.0
1240010	20.0
1240690	21.0
1240704	20.0
1240847	21.0
1240860	20.0
1241194	21.0
1241207	20.0
1241475	21.0
1241676	20.0
1241731	21.0
1241745	20.0
1241882	21.0
1242513	20.0
1243558	21.0
1243571	20.0
1243723	21.0
1244276	20.0
1244514	21.0
1244528	20.0
1244560	21.0
1245218	20.0
1245474	21.0
1246113	20.0
1246318	21.0
1247175	20.0
1248963	21.0
1248976	20.0
1249047	21.0
1249060	20.0
1249206	21.0
1249579	20.0
1250741	21.0
1251553	20.0
1252674	21.0
1253316	20.0
1254435	21.0
1254637	20.0
1254756	21.0
1255132	20.0
1255395	21.0
1257939	20.0
1258130	21.0
1258789	20.0
1258967	21.0
1258981	20.0
1259104	21.0
1259588	20.0
1259835	21.0
1260523	20.0
1260793	21.0
1260930	20.0
1261058	21.0
1261071	20.0
1261191	21.0
1261415	20.0
1261637	21.0
1262314	20.0
1262534	21.0
1263283	20.0
1263476	21.0
1264114	20.0
1264450	21.0
1265070	20.0
1266115	21.0
1267723	20.0
1268040	21.0
1268680	20.0
1269020	21.0
1269515	20.0
1276037	21.0
1279452	20.0
1282306	21.0
1282319	20.0
1282341	21.0
1282354	20.0
1282565	21.0
1285358	20.0
1285553	21.0
1286327	20.0
1287031	21.0
1323337	20.0
1323475	21.0
1324117	20.0
1324497	21.0
1324992	20.0
1325174	21.0
1325884	20.0
1326082	21.0
1326096	20.0
1326210	21.0
1326784	20.0
1326968	21.0
1326982	20.0
1327117	21.0
1327130	20.0
1327356	21.0
1327369	20.0
1327490	21.0
1327503	20.0
1327703	21.0
1327716	20.0
1328756	21.0
1329643	20.0
1330555	21.0
1331403	20.0
1333275	21.0
1336765	20.0
1336913	21.0
1337594	20.0
1338437	21.0
1338450	20.0
1339555	21.0
1340422	20.0
1340584	21.0
1340598	20.0
1340634	21.0
1342008	20.0
1342274	21.0
1344001	20.0
1344955	21.0
1345728	20.0
1347634	21.0
1349383	20.0
1350354	21.0
1360251	20.0
1360268	21.0
1360281	20.0
1362960	21.0
1365457	20.0
1366730	21.0
1367318	20.0
1371403	21.0
1398143	20.0
1398378	21.0
1398391	20.0
1398542	21.0
1403379	20.0
1404152	21.0
1409514	20.0
1409866	21.0
1410148	20.0
1411590	21.0
1412417	20.0
1413139	21.0
1413153	20.0
1413220	21.0
1413234	20.0
1413340	21.0
1414062	20.0
1414269	21.0
1415916	20.0
1415994	21.0
1417711	20.0
1417870	21.0
1418558	20.0
1418762	21.0
1419595	20.0
1419754	21.0
1419768	20.0
1419789	21.0
1420367	20.0
1423089	21.0
1423103	20.0
1423125	21.0
1423139	20.0
1423349	21.0
1423953	20.0
1425792	21.0
1425805	20.0
1426010	21.0
1426692	20.0
1427042	21.0
1427638	20.0
1427898	21.0
1428453	20.0
1429551	21.0
1429564	20.0
1429670	21.0
1430064	20.0
1430172	21.0
1430185	20.0
1430261	21.0
1430274	20.0
1431391	21.0
1432140	20.0
1433188	21.0
1433876	20.0
1434268	21.0
1434772	20.0
1434991	21.0
1435020	20.0
1435192	21.0
1436484	20.0
1437669	21.0
1443878	20.0
1449011	21.0
1449272	22.0
1449399	21.0
1449416	22.0
1449430	21.0
1449600	22.0
1450470	21.0
1450482	22.0
1450744	23.0
1452204	22.0
1452465	21.0
1452714	22.0
1453512	23.0
1454312	22.0
1454630	23.0
1454642	22.0
1454833	23.0
1455178	22.0
1455631	23.0
1455644	22.0
1464200	23.0
1464239	22.0
1464309	23.0
1464321	22.0
1464653	23.0
1464677	22.0
1464687	23.0
1464699	22.0
1464949	23.0
1464960	22.0
1465310	23.0
1465835	22.0
1466002	23.0
1468346	22.0
1468668	23.0
1468965	22.0
1468978	23.0
1468990	22.0
1469122	23.0
1469358	22.0
1469373	23.0
1473489	24.0
1474066	23.0
1474174	24.0
1490524	25.0
1490538	24.0
1490994	25.0
1495055	24.0
1495660	25.0
1497908	24.0
1500643	25.0
1522298	24.0
1530383	25.0
1532654	24.0
1532729	25.0
1533809	24.0
1534038	25.0
1534216	24.0
1535943	25.0
1536642	24.0
1536833	25.0
1536847	24.0
1536871	25.0
1537415	24.0
1537469	25.0
1537541	24.0
1537708	25.0
1547202	24.0
1547203	23.0
1547642	25.0
1548283	24.0
1548284	23.0
1548372	25.0
1550097	24.0
1550126	23.0
1550127	22.0
1550681	25.0
1550695	23.0
1550696	22.0
1550914	24.0
1550928	23.0
1550929	22.0
1551638	25.0
1552652	24.0
1553361	25.0
1553376	24.0
1553384	25.0
1553398	24.0
1553606	23.0
1553607	22.0
1553664	24.0
1553678	23.0
1553679	22.0
1553889	23.0
1553903	22.0
1554429	25.0
1554717	24.0
1554955	25.0
1555334	24.0
1555601	23.0
1555602	22.0
1556227	24.0
1556241	23.0
1556242	22.0
1556802	24.0
1556887	25.0
1556902	24.0
1557067	25.0
1557081	24.0
1557143	25.0
1560049	23.0
1560050	22.0
1629812	23.0
1637678	24.0
1637690	23.0
1637797	24.0
1638221	23.0
1638266	24.0
1638390	23.0
1638840	24.0
1640078	20.0
1640079	19.0
1648591	18.0
1649383	19.0
1651162	18.0
1651172	19.0
1651651	18.0
1651774	19.0
1652235	18.0
1654372	17.0
1721612	18.0
1721625	17.0
1721630	18.0
1721643	17.0
1721655	18.0
1721668	17.0
1721693	18.0
1721709	17.0
1721843	18.0
1723820	17.0
2061768	22.0
2061899	20.0
2061900	18.0
2061901	17.0
2063867	21.0
2063880	19.0
2063881	18.0
2063882	17.0
2066690	21.0
2066703	18.0
2066704	17.0
2066941	21.0
2067422	21.0
2067435	18.0
2067436	17.0
2067499	21.0
2067512	18.0
2067513	17.0
2067941	21.0
2068326	18.0
2068327	17.0
2068495	21.0
2072068	18.0
2072069	17.0
2130710	18.0
2136953	22.0
2137181	20.0
2137182	19.0
2137183	18.0
2216220	19.0
2216235	18.0
2230116	19.0
2230129	18.0
2230937	19.0
2231810	20.0
2233125	19.0
2233625	20.0
2233641	19.0
2233661	20.0
2233675	19.0
2233715	20.0
2234043	21.0
2236625	20.0
2237263	19.0
2237924	23.0
2237938	20.0
2237939	19.0
2238158	23.0
2238275	24.0
2238289	23.0
2238291	24.0
2238664	23.0
2238779	24.0
2239337	25.0
2239353	24.0
2240659	25.0
2241749	24.0
2241750	23.0
2241831	25.0
2241897	24.0
2241898	23.0
2241950	25.0
2242133	24.0
2242162	23.0
2242163	22.0
2242204	24.0
2242312	25.0
2242326	24.0
2242447	25.0
2242611	24.0
2242678	25.0
2242692	24.0
2242704	25.0
2242718	24.0
2242728	25.0
2244662	26.0
2245773	25.0
2247792	24.0
2247959	25.0
2247970	24.0
2248394	25.0
2248409	24.0
2248421	25.0
2248435	24.0
2251900	23.0
2257954	22.0
2317954	24.0
2318813	25.0
2318823	24.0
2318887	25.0
2319069	24.0
2319096	23.0
2319117	24.0
2319162	25.0
2319174	24.0
2319180	25.0
2319242	24.0
2319270	23.0
2319285	24.0
2319296	23.0
2321113	22.0
2321833	23.0
2321844	22.0
2322543	23.0
2322582	24.0
2322593	23.0
2322594	24.0
2322606	23.0
2322619	24.0
2322631	23.0
2322690	24.0
2322691	25.0
2322761	24.0
2323283	25.0
2323294	24.0
2323806	25.0
2323852	24.0
2329917	25.0
2329921	25.0
2329927	23.0
2329928	22.0
2333836	23.0
2334049	22.0
2676855	21.0
2677504	22.0
2677707	21.0
2735449	22.0
2735464	23.0
2735676	22.0
2735677	21.0
2735692	23.0
2735702	22.0
2735703	21.0
2736230	23.0
2736717	22.0
2736718	21.0
2754451	20.0
2754524	21.0
2754581	20.0
2821936	21.0
2821949	20.0
2821962	21.0
2821975	20.0
2821989	21.0
2822002	20.0
2822016	21.0
2822029	20.0
2822043	21.0
2822056	20.0
2822070	21.0
2824722	20.0
2824933	21.0
2825633	20.0
2827430	21.0
2827446	20.0
2828036	21.0
2828040	22.0
2828055	21.0
2828066	22.0
2828095	21.0
2828096	20.0
2829204	19.0
2829205	18.0
2829233	20.0
2830066	19.0
2830067	18.0
2830426	20.0
2830440	19.0
2830441	18.0
2830557	20.0
2830903	19.0
2830904	18.0
2835698	22.0
2835767	21.0
2835768	20.0
2835769	19.0
2835770	18.0
2837108	17.0
2848718	16.0
2850317	17.0
2850345	16.0
2850529	17.0
2850546	16.0
2916361	17.0
2916450	16.0
2923744	17.0
2923759	16.0
2923863	15.0
2923872	16.0
2923893	17.0
2923907	16.0
2924203	15.0
2925643	16.0
2925658	15.0
2925964	16.0
2925978	15.0
2926441	16.0
2929307	17.0
2929626	16.0
2929735	17.0
2931024	16.0
2931697	17.0
2932344	18.0
2932855	17.0
2993382	18.0
2993397	17.0
2993769	18.0
2993780	17.0
2993844	18.0
2995235	17.0
2995740	18.0
2996983	17.0
2997658	18.0
2997671	17.0
3115914	18.0
3117081	17.0
3118084	18.0
3118250	17.0
3118817	18.0
3119150	17.0
3260001	19.0
3260476	18.0
3260477	17.0
3261652	16.0
3262580	17.0
3263157	16.0
3263376	17.0
3263387	16.0
3263652	17.0
3263824	16.0
3264240	17.0
3352458	18.0
3352469	17.0
3357004	18.0
3357017	17.0
3357318	18.0
3357863	17.0
3432756	16.0
3435917	17.0
3440279	18.0
3440779	17.0
3440817	18.0
3440835	17.0
3440874	18.0
3440886	19.0
3440920	20.0
3441060	22.0
3441066	22.0
3441072	21.0
3441073	20.0
3441102	19.0
3441152	18.0
3441264	19.0
3441279	18.0
3442525	17.0
3442567	18.0
3442581	17.0
3442681	18.0
3442983	20.0
3443562	19.0
3443563	18.0
3444431	19.0
3444446	18.0
3444453	19.0
3444468	18.0
3444480	19.0
3444494	20.0
3444495	19.0
3444504	20.0
3444508	19.0
3444509	18.0
3444518	17.0
3444613	18.0
3444630	17.0
3444652	19.0
3444665	18.0
3444666	17.0
3444740	18.0
3445440	20.0
3445601	19.0
3445602	18.0
3445883	20.0
3446147	19.0
3446434	20.0
3446586	21.0
3446608	19.0
3446609	18.0
3446638	21.0
3446746	20.0
3446747	19.0
3446748	18.0
3446790	19.0
3446800	18.0
3446919	17.0
3447077	18.0
3447087	17.0
3447165	18.0
3447484	20.0
3447496	19.0
3447497	18.0
3447564	20.0
3447954	19.0
3447955	18.0
3447976	20.0
3448333	19.0
3448419	20.0
3449273	19.0
3449393	20.0
3451062	19.0
3451064	18.0
3451065	16.0
3451066	13.0
3451067	12.0
3451082	20.0
3451088	20.0
3451090	19.0
3451092	18.0
3451093	16.0
3451094	13.0
3451095	12.0
3451150	20.0
3451158	19.0
3451160	18.0
3451161	16.0
3451162	13.0
3451163	12.0
3451238	20.0
3451648	18.0
3451649	17.0
3451650	15.0
3451651	13.0
3451652	20.0
3451893	21.0
3452022	20.0
3452249	19.0
3452325	18.0
3452443	17.0
3452495	18.0
3452552	17.0
3452553	16.0
3452554	14.0
3452555	12.0
3452556	11.0
3452570	18.0
3452575	18.0
3452578	17.0
3452579	16.0
3452580	14.0
3452581	12.0
3452582	11.0
3452615	12.0
3452628	11.0
3452640	18.0
3452653	19.0
3452699	18.0
3452701	17.0
3452702	15.0
3452703	12.0
3452704	10.0
3452705	9.0
3452711	19.0
3452718	19.0
3452720	18.0
3452722	17.0
3452723	14.0
3452724	10.0
3452725	9.0
3452758	10.0
3452765	20.0
3452772	19.0
3452773	19.0
3452774	18.0
3452775	19.0
3452859	20.0
3452873	19.0
3452998	17.0
3452999	16.0
3453000	14.0
3453001	12.0
3453002	11.0
3453026	10.0
3453027	9.0
3453081	19.0
3453085	20.0
3453261	19.0
3453262	18.0
3453331	20.0
3453338	20.0
3453344	19.0
3453345	18.0
3453347	17.0
3453998	16.0
3453999	15.0
3454000	13.0
3454001	12.0
3454002	11.0
3454263	17.0
3454270	17.0
3454274	16.0
3454275	15.0
3454276	12.0
3454277	11.0
3454617	17.0
3455912	16.0
3455913	15.0
3455914	13.0
3455915	12.0
3455916	11.0
3456043	17.0
3456667	16.0
3456668	15.0
3456669	13.0
3456670	12.0
3456671	11.0
3456680	17.0
3456689	16.0
3456690	15.0
3456691	13.0
3456692	12.0
3456693	11.0
3456728	17.0
3456737	16.0
3456738	15.0
3456739	13.0
3456740	12.0
3456741	11.0
3457258	17.0
3457600	16.0
3457777	17.0
3457786	16.0
3457791	15.0
3457792	13.0
3457793	12.0
3457794	11.0
3458529	16.0
3511449	17.0
3511461	16.0
3527636	17.0
3528076	16.0
4035969	17.0
4035984	16.0
4038487	17.0
4038509	16.0
4048713	17.0
4049078	16.0
4059053	15.0
4059054	12.0
4059055	11.0
4059056	9.0
4059057	6.0
4059058	2.0
4059059	1.0
4059062	16.0
4059070	16.0
4059071	15.0
4059072	12.0
4059073	11.0
4059074	9.0
4059075	6.0
4059076	2.0
4059077	1.0
4059095	0.0
4059118	15.0
4059325	16.0
4059501	15.0
4059634	14.0
4059635	11.0
4059636	10.0
4059637	8.0
4059638	5.0
4059639	1.0
4059640	0.0
4059975	15.0
4060510	14.0
4060511	11.0
4060512	10.0
4060513	8.0
4060514	5.0
4060515	1.0
4060516	0.0
4060745	15.0
4061085	16.0
4062046	15.0
4062047	12.0
4062048	11.0
4062049	9.0
4062050	6.0
4062051	2.0
4062052	1.0
4062155	16.0
4063252	15.0
4063253	12.0
4063254	11.0
4063255	9.0
4063256	6.0
4063257	2.0
4063258	1.0
4063533	16.0
4065061	15.0
4066370	14.0
4066371	11.0
4066372	10.0
4066373	8.0
4066374	5.0
4066375	1.0
4066376	0.0
4066412	15.0
4066422	14.0
4066423	11.0
4066424	10.0
4066425	8.0
4066426	5.0
4066427	1.0
4066428	0.0
4124677	15.0
4125273	14.0
4125274	9.0
4125275	6.0
4125276	3.0
4125277	1.0
4125278	0.0
4642664	13.0
4643162	12.0
4643163	10.0
4643164	9.0
4643165	8.0
4643177	9.0
4643192	8.0
4643239	9.0
4643254	8.0
4643313	9.0
4643317	14.0
4643328	13.0
4643401	14.0
4643504	13.0
4643554	14.0
4643720	15.0
4643912	15.0
4644169	14.0
4644235	15.0
4644249	14.0
4644275	15.0
4644323	14.0
4644499	15.0
4644579	14.0
4644669	15.0
4644684	14.0
4644717	15.0
4644798	14.0
4644987	15.0
4645003	14.0
4645004	15.0
4645017	14.0
4645108	15.0
4645123	14.0
4647327	13.0
4647424	14.0
4647437	13.0
4647485	14.0
4647713	13.0
4647727	14.0
4647739	13.0
4647774	14.0
4648127	13.0
4648391	11.0
4648392	6.0
4648393	4.0
4648394	1.0
4648395	0.0
4653503	10.0
4653599	15.0
4653611	14.0
4653612	12.0
4653613	11.0
4653614	10.0
4653699	15.0
4654126	16.0
4654217	14.0
4654218	10.0
4654219	5.0
4654220	1.0
4654221	0.0
4656986	14.0
4656999	13.0
4657000	9.0
4657001	5.0
4657002	2.0
4657003	0.0
4657141	6.0
4657170	5.0
4657171	2.0
4657172	1.0
4657173	0.0
4657203	9.0
4657204	14.0
4657228	13.0
4657229	11.0
4657230	6.0
4657231	4.0
4657232	1.0
4657233	0.0
