232462	1.0
232494	0.0
232732	1.0
232877	0.0
232892	1.0
233163	2.0
233199	1.0
233200	0.0
322561	1.0
322597	1.0
323209	0.0
326330	1.0
328130	0.0
328222	1.0
328718	0.0
328722	1.0
328737	0.0
328756	1.0
328771	0.0
328796	1.0
328811	0.0
328838	1.0
328853	0.0
328865	1.0
333499	2.0
333532	1.0
333533	2.0
333548	1.0
333555	2.0
333719	4.0
334117	3.0
334118	2.0
335184	1.0
340118	0.0
341327	2.0
341344	1.0
341345	0.0
341414	2.0
347939	3.0
351963	2.0
405238	1.0
405239	0.0
417343	1.0
419785	0.0
431762	1.0
431782	0.0
512124	1.0
512440	0.0
932606	1.0
932622	0.0
932642	1.0
932658	0.0
933257	1.0
933601	0.0
933666	1.0
933682	0.0
933736	1.0
933751	0.0
935106	1.0
935121	0.0
938423	1.0
1010923	4.0
1011623	3.0
1011624	2.0
1011625	1.0
1013249	2.0
1017420	5.0
1017426	5.0
1017432	3.0
1017433	2.0
1018237	3.0
1020719	2.0
1032076	19.0
1032284	18.0
1032306	19.0
1032405	17.0
1032406	16.0
1032407	11.0
1032408	8.0
1032409	7.0
1032985	19.0
1032992	19.0
1032995	17.0
1032996	14.0
1032997	10.0
1032998	8.0
1032999	7.0
1033142	19.0
1033272	17.0
1033273	16.0
1033274	11.0
1033275	8.0
1033276	7.0
1033383	19.0
1033390	19.0
1033393	17.0
1033394	16.0
1033395	11.0
1033396	8.0
1033397	7.0
1033498	19.0
1036391	20.0
1036407	19.0
1036409	20.0
1036429	19.0
1036451	20.0
1036610	19.0
1039525	23.0
1040174	22.0
1040175	21.0
1040176	20.0
1040177	19.0
1040407	23.0
1042218	22.0
1042219	21.0
1042220	20.0
1042221	19.0
1042255	23.0
1042265	22.0
1042266	21.0
1042267	20.0
1042268	19.0
1042370	23.0
1042984	23.0
1042991	23.0
1042995	22.0
1042996	21.0
1042997	20.0
1042998	19.0
1043100	23.0
1045526	22.0
1045527	21.0
1045528	20.0
1045529	19.0
1045647	23.0
1046431	22.0
1046432	21.0
1046433	20.0
1046434	19.0
1046554	23.0
1046566	22.0
1046567	21.0
1046568	20.0
1046569	19.0
1046643	23.0
1046655	22.0
1046656	21.0
1046657	20.0
1046658	19.0
1046772	23.0
1046779	23.0
1046783	22.0
1046784	21.0
1046785	20.0
1046786	19.0
1046919	23.0
1046926	23.0
1046930	22.0
1046931	21.0
1046932	20.0
1046933	19.0
1047150	23.0
1047157	23.0
1047161	22.0
1047162	21.0
1047163	20.0
1047164	19.0
1047261	23.0
1047268	23.0
1047272	22.0
1047273	21.0
1047274	20.0
1047275	19.0
1047307	23.0
1047319	22.0
1047320	21.0
1047321	20.0
1047322	19.0
1047480	23.0
1053437	22.0
1106218	21.0
1106219	20.0
1106851	22.0
1109096	22.0
1110625	23.0
1110649	22.0
1110664	23.0
1110677	22.0
1110691	23.0
1111290	24.0
1111307	23.0
1111508	24.0
1112009	23.0
1112135	21.0
1112136	20.0
1112219	21.0
1112234	20.0
1112280	23.0
1112409	24.0
1112423	23.0
1112487	24.0
1112909	23.0
1113125	24.0
1113779	23.0
1116092	21.0
1116093	20.0
1116154	23.0
1116167	21.0
1116168	20.0
1116218	23.0
1120353	24.0
1120460	23.0
1121008	22.0
1121009	21.0
1121010	20.0
1121060	23.0
1121624	21.0
1121625	20.0
1121737	23.0
1122080	22.0
1122081	21.0
1122082	20.0
1123012	23.0
1123403	21.0
1123404	20.0
1123589	19.0
1123907	22.0
1124157	20.0
1124158	19.0
1126346	22.0
1126352	22.0
1126358	20.0
1126359	19.0
1127279	22.0
1127285	22.0
1127291	20.0
1127292	19.0
1128588	22.0
1129054	20.0
1129055	19.0
1209318	21.0
1209331	20.0
1209332	19.0
1209528	21.0
1210092	20.0
1210093	19.0
1210482	21.0
1213024	20.0
1213369	21.0
1214584	20.0
1214656	21.0
1214811	20.0
1214957	21.0
1221513	20.0
1237343	21.0
1237891	20.0
1238316	21.0
1238923	20.0
1239975	21.0
1240010	20.0
1240691	21.0
1240704	20.0
1240848	21.0
1240860	20.0
1241195	21.0
1241207	20.0
1241476	21.0
1241676	20.0
1241732	21.0
1241745	20.0
1241883	21.0
1242513	20.0
1243559	21.0
1243571	20.0
1243724	21.0
1244276	20.0
1244515	21.0
1244528	20.0
1244561	21.0
1245218	20.0
1245475	21.0
1246113	20.0
1246319	21.0
1247175	20.0
1248964	21.0
1248976	20.0
1249048	21.0
1249060	20.0
1249207	21.0
1249579	20.0
1250742	21.0
1251553	20.0
1252675	21.0
1253316	20.0
1254436	21.0
1254637	20.0
1254757	21.0
1255132	20.0
1255396	21.0
1257939	20.0
1258131	21.0
1258789	20.0
1258968	21.0
1258981	20.0
1259105	21.0
1259588	20.0
1259836	21.0
1260523	20.0
1260794	21.0
1260930	20.0
1261059	21.0
1261071	20.0
1261192	21.0
1261415	20.0
1261638	21.0
1262314	20.0
1262535	21.0
1263283	20.0
1263477	21.0
1264114	20.0
1264451	21.0
1265070	20.0
1266116	21.0
1267723	20.0
1268041	21.0
1268680	20.0
1269021	21.0
1269515	20.0
1276038	21.0
1279452	20.0
1282307	21.0
1282319	20.0
1282342	21.0
1282354	20.0
1282566	21.0
1285358	20.0
1285554	21.0
1286327	20.0
1287032	21.0
1323337	20.0
1323476	21.0
1324117	20.0
1324498	21.0
1324992	20.0
1325175	21.0
1325884	20.0
1326083	21.0
1326096	20.0
1326211	21.0
1326784	20.0
1326969	21.0
1326982	20.0
1327118	21.0
1327130	20.0
1327357	21.0
1327369	20.0
1327491	21.0
1327503	20.0
1327704	21.0
1327716	20.0
1328757	21.0
1329643	20.0
1330556	21.0
1331403	20.0
1333276	21.0
1336765	20.0
1336914	21.0
1337594	20.0
1338438	21.0
1338450	20.0
1339556	21.0
1340422	20.0
1340585	21.0
1340598	20.0
1340635	21.0
1342008	20.0
1342275	21.0
1344001	20.0
1344956	21.0
1345728	20.0
1347635	21.0
1349383	20.0
1350355	21.0
1360251	20.0
1360269	21.0
1360281	20.0
1362961	21.0
1365457	20.0
1366731	21.0
1367318	20.0
1371404	21.0
1398143	20.0
1398379	21.0
1398391	20.0
1398543	21.0
1403379	20.0
1404153	21.0
1409514	20.0
1409867	21.0
1410148	20.0
1411591	21.0
1412417	20.0
1413140	21.0
1413153	20.0
1413221	21.0
1413234	20.0
1413341	21.0
1414062	20.0
1414270	21.0
1415916	20.0
1415995	21.0
1417711	20.0
1417871	21.0
1418558	20.0
1418763	21.0
1419595	20.0
1419755	21.0
1419768	20.0
1419790	21.0
1420367	20.0
1423090	21.0
1423103	20.0
1423126	21.0
1423139	20.0
1423350	21.0
1423953	20.0
1425793	21.0
1425805	20.0
1426011	21.0
1426692	20.0
1427043	21.0
1427638	20.0
1427899	21.0
1428453	20.0
1429552	21.0
1429564	20.0
1429671	21.0
1430064	20.0
1430173	21.0
1430185	20.0
1430262	21.0
1430274	20.0
1431392	21.0
1432140	20.0
1433189	21.0
1433876	20.0
1434269	21.0
1434772	20.0
1434992	21.0
1435020	20.0
1435193	21.0
1436484	20.0
1437670	21.0
1443878	20.0
1449012	21.0
1449273	22.0
1449399	21.0
1449417	22.0
1449430	21.0
1449601	22.0
1450470	21.0
1450483	22.0
1450744	23.0
1452204	22.0
1452465	21.0
1452715	22.0
1453513	23.0
1454312	22.0
1454631	23.0
1454642	22.0
1454834	23.0
1455178	22.0
1455632	23.0
1455644	22.0
1464199	23.0
1464239	22.0
1464308	23.0
1464321	22.0
1464652	23.0
1464677	22.0
1464686	23.0
1464699	22.0
1464948	23.0
1464960	22.0
1465309	23.0
1465835	22.0
1466001	23.0
1468346	22.0
1468667	23.0
1468965	22.0
1468977	23.0
1468990	22.0
1469121	23.0
1469358	22.0
1469372	23.0
1473488	24.0
1474066	23.0
1474173	24.0
1490525	25.0
1490538	24.0
1490995	25.0
1495055	24.0
1495661	25.0
1497908	24.0
1500644	25.0
1522298	24.0
1530384	25.0
1532654	24.0
1532730	25.0
1533809	24.0
1534039	25.0
1534216	24.0
1535944	25.0
1536642	24.0
1536834	25.0
1536847	24.0
1536872	25.0
1537415	24.0
1537470	25.0
1537541	24.0
1537709	25.0
1547202	24.0
1547203	23.0
1547643	25.0
1548283	24.0
1548284	23.0
1548373	25.0
1550097	24.0
1550126	23.0
1550127	22.0
1550682	25.0
1550695	23.0
1550696	22.0
1550915	24.0
1550928	23.0
1550929	22.0
1551639	25.0
1552652	24.0
1553362	25.0
1553376	24.0
1553385	25.0
1553398	24.0
1553606	23.0
1553607	22.0
1553665	24.0
1553678	23.0
1553679	22.0
1553890	23.0
1553903	22.0
1554430	25.0
1554717	24.0
1554956	25.0
1555334	24.0
1555601	23.0
1555602	22.0
1556228	24.0
1556241	23.0
1556242	22.0
1556803	24.0
1556888	25.0
1556902	24.0
1557068	25.0
1557081	24.0
1557144	25.0
1560049	23.0
1560050	22.0
1629812	23.0
1637677	24.0
1637690	23.0
1637796	24.0
1638221	23.0
1638267	24.0
1638390	23.0
1638841	24.0
1640078	20.0
1640079	19.0
1648591	18.0
1649385	19.0
1651162	18.0
1651174	19.0
1651651	18.0
1651775	19.0
1652235	18.0
1654372	17.0
1721612	18.0
1721625	17.0
1721630	18.0
1721643	17.0
1721655	18.0
1721668	17.0
1721693	18.0
1721709	17.0
1721843	18.0
1723820	17.0
2061769	22.0
2061899	20.0
2061900	18.0
2061901	17.0
2063868	21.0
2063880	19.0
2063881	18.0
2063882	17.0
2066689	21.0
2066703	18.0
2066704	17.0
2066940	21.0
2067435	18.0
2067436	17.0
2067498	21.0
2067512	18.0
2067513	17.0
2067940	21.0
2068326	18.0
2068327	17.0
2068494	21.0
2072068	18.0
2072069	17.0
2130711	18.0
2136954	22.0
2137181	20.0
2137182	19.0
2137183	18.0
2216221	19.0
2216235	18.0
2230118	19.0
2230129	18.0
2230940	19.0
2231812	20.0
2233125	19.0
2233627	20.0
2233641	19.0
2233662	20.0
2233675	19.0
2233715	20.0
2234045	21.0
2236625	20.0
2237263	19.0
2237926	23.0
2237938	20.0
2237939	19.0
2238160	23.0
2238277	24.0
2238289	23.0
2238293	24.0
2238664	23.0
2238781	24.0
2239340	25.0
2239353	24.0
2240659	25.0
2241749	24.0
2241750	23.0
2241832	25.0
2241897	24.0
2241898	23.0
2241950	25.0
2242133	24.0
2242162	23.0
2242163	22.0
2242202	24.0
2242315	25.0
2242326	24.0
2242448	25.0
2242611	24.0
2242679	25.0
2242692	24.0
2242705	25.0
2242718	24.0
2242727	25.0
2244660	26.0
2245773	25.0
2247792	24.0
2247957	25.0
2247970	24.0
2248397	25.0
2248409	24.0
2248421	25.0
2248435	24.0
2251900	23.0
2257954	22.0
2317952	24.0
2318811	25.0
2318823	24.0
2318885	25.0
2319069	24.0
2319096	23.0
2319116	24.0
2319161	25.0
2319174	24.0
2319179	25.0
2319242	24.0
2319270	23.0
2319284	24.0
2319296	23.0
2321113	22.0
2321831	23.0
2321844	22.0
2322541	23.0
2322580	24.0
2322606	23.0
2322617	24.0
2322631	23.0
2322688	24.0
2322689	25.0
2322761	24.0
2323281	25.0
2323294	24.0
2323805	25.0
2323852	24.0
2329915	25.0
2329921	25.0
2329927	23.0
2329928	22.0
2333834	23.0
2334049	22.0
2676855	21.0
2677503	22.0
2677707	21.0
2735446	22.0
2735461	23.0
2735676	22.0
2735677	21.0
2735689	23.0
2735702	22.0
2735703	21.0
2736227	23.0
2736717	22.0
2736718	21.0
2754451	20.0
2754523	21.0
2754581	20.0
2821935	21.0
2821949	20.0
2821961	21.0
2821975	20.0
2821988	21.0
2822002	20.0
2822015	21.0
2822029	20.0
2822042	21.0
2822056	20.0
2822069	21.0
2824722	20.0
2824935	21.0
2825633	20.0
2827432	21.0
2827446	20.0
2828038	21.0
2828042	22.0
2828055	21.0
2828068	22.0
2828095	21.0
2828096	20.0
2829204	19.0
2829205	18.0
2829233	20.0
2830066	19.0
2830067	18.0
2830428	20.0
2830434	20.0
2830440	19.0
2830441	18.0
2830557	20.0
2830903	19.0
2830904	18.0
2835698	22.0
2835767	21.0
2835768	20.0
2835769	19.0
2835770	18.0
2837108	17.0
2848718	16.0
2850318	17.0
2850345	16.0
2850529	17.0
2850546	16.0
2916357	17.0
2916450	16.0
2923746	17.0
2923759	16.0
2923863	15.0
2923868	16.0
2923895	17.0
2923907	16.0
2924203	15.0
2925645	16.0
2925658	15.0
2925966	16.0
2925978	15.0
2926443	16.0
2929303	17.0
2929626	16.0
2929737	17.0
2931024	16.0
2931693	17.0
2932346	18.0
2932855	17.0
2993378	18.0
2993397	17.0
2993765	18.0
2993780	17.0
2993840	18.0
2995235	17.0
2995738	18.0
2996983	17.0
2997656	18.0
2997671	17.0
3115910	18.0
3117081	17.0
3118080	18.0
3118250	17.0
3118813	18.0
3119150	17.0
3259997	19.0
3260476	18.0
3260477	17.0
3261652	16.0
3262576	17.0
3263157	16.0
3263372	17.0
3263387	16.0
3263648	17.0
3263824	16.0
3264236	17.0
3352454	18.0
3352469	17.0
3357002	18.0
3357017	17.0
3357316	18.0
3357863	17.0
3432756	16.0
3435920	17.0
3440282	18.0
3440779	17.0
3440816	18.0
3440835	17.0
3440876	18.0
3440888	19.0
3440921	20.0
3441060	22.0
3441066	22.0
3441072	21.0
3441073	20.0
3441102	19.0
3441152	18.0
3441265	19.0
3441279	18.0
3442525	17.0
3442567	18.0
3442581	17.0
3442681	18.0
3442983	20.0
3443562	19.0
3443563	18.0
3444433	19.0
3444446	18.0
3444455	19.0
3444468	18.0
3444482	19.0
3444495	18.0
3444496	19.0
3444504	20.0
3444508	19.0
3444509	18.0
3444518	17.0
3444615	18.0
3444630	17.0
3444652	19.0
3444665	18.0
3444666	17.0
3444740	18.0
3445440	20.0
3445601	19.0
3445602	18.0
3445883	20.0
3446147	19.0
3446434	20.0
3446586	21.0
3446608	19.0
3446609	18.0
3446638	21.0
3446746	20.0
3446747	19.0
3446748	18.0
3446789	19.0
3446800	18.0
3446919	17.0
3447076	18.0
3447087	17.0
3447164	18.0
3447483	20.0
3447496	19.0
3447497	18.0
3447563	20.0
3447954	19.0
3447955	18.0
3447975	20.0
3448333	19.0
3448419	20.0
3449273	19.0
3449392	20.0
3451062	19.0
3451064	18.0
3451065	16.0
3451066	13.0
3451067	12.0
3451085	20.0
3451088	20.0
3451090	19.0
3451092	18.0
3451093	16.0
3451094	13.0
3451095	12.0
3451153	20.0
3451158	19.0
3451160	18.0
3451161	16.0
3451162	13.0
3451163	12.0
3451241	20.0
3451648	18.0
3451649	17.0
3451650	15.0
3451651	13.0
3451652	12.0
3451655	20.0
3451896	21.0
3452022	20.0
3452249	19.0
3452325	18.0
3452443	17.0
3452497	18.0
3452552	17.0
3452553	16.0
3452554	14.0
3452555	12.0
3452556	11.0
3452567	18.0
3452578	17.0
3452579	16.0
3452580	14.0
3452581	12.0
3452582	11.0
3452618	12.0
3452628	11.0
3452643	18.0
3452656	19.0
3452699	18.0
3452701	17.0
3452702	15.0
3452703	12.0
3452704	10.0
3452705	9.0
3452714	19.0
3452718	19.0
3452720	18.0
3452722	17.0
3452723	14.0
3452724	10.0
3452725	9.0
3452761	10.0
3452768	20.0
3452772	19.0
3452773	19.0
3452774	18.0
3452776	17.0
3452777	15.0
3452778	19.0
3452861	20.0
3452873	19.0
3452998	17.0
3452999	16.0
3453000	14.0
3453001	12.0
3453002	11.0
3453026	10.0
3453027	9.0
3453085	19.0
3453089	20.0
3453261	19.0
3453262	18.0
3453335	20.0
3453338	20.0
3453344	19.0
3453345	18.0
3453347	17.0
3453998	16.0
3453999	15.0
3454000	13.0
3454001	12.0
3454002	11.0
3454267	17.0
3454270	17.0
3454274	16.0
3454275	15.0
3454276	12.0
3454277	11.0
3454617	17.0
3455912	16.0
3455913	15.0
3455914	13.0
3455915	12.0
3455916	11.0
3456043	17.0
3456667	16.0
3456668	15.0
3456669	13.0
3456670	12.0
3456671	11.0
3456680	17.0
3456689	16.0
3456690	15.0
3456691	13.0
3456692	12.0
3456693	11.0
3456728	17.0
3456737	16.0
3456738	15.0
3456739	13.0
3456740	12.0
3456741	11.0
3457258	17.0
3457600	16.0
3457777	17.0
3457786	16.0
3457791	15.0
3457792	13.0
3457793	12.0
3457794	11.0
3458529	16.0
3511445	17.0
3511461	16.0
3527640	17.0
3528076	16.0
4035971	17.0
4035984	16.0
4038489	17.0
4038509	16.0
4048715	17.0
4049078	16.0
4059058	15.0
4059059	14.0
4059064	16.0
4059076	15.0
4059077	14.0
4059121	15.0
4059329	16.0
4059501	15.0
4059640	14.0
4059978	15.0
4060516	14.0
4060748	15.0
4061089	16.0
4062051	15.0
4062052	14.0
4062158	16.0
4063257	15.0
4063258	14.0
4063535	16.0
4065061	15.0
4066376	14.0
4066415	15.0
4066428	14.0
4124681	15.0
4125278	14.0
4132220	15.0
4132346	14.0
4133899	15.0
4133966	14.0
4134527	15.0
4135733	14.0
4135822	15.0
4135832	14.0
4135844	15.0
4135853	14.0
4470339	13.0
4470340	10.0
4470341	8.0
4470342	4.0
4470343	2.0
4470344	1.0
4471115	14.0
4472597	13.0
4472598	10.0
4472599	8.0
4472600	4.0
4472601	2.0
4472602	1.0
4473131	14.0
4473360	13.0
4473361	10.0
4473362	8.0
4473363	4.0
4473364	2.0
4473365	1.0
4473967	14.0
4473977	13.0
4473978	10.0
4473979	8.0
4473980	4.0
4473981	2.0
4473982	1.0
4474090	14.0
4474097	14.0
4474099	13.0
4474100	10.0
4474101	8.0
4474102	4.0
4474103	2.0
4474104	1.0
4476595	14.0
4476851	13.0
4476852	10.0
4476853	8.0
4476854	4.0
4476855	2.0
4476856	1.0
4477172	0.0
4562278	1.0
4562795	0.0
4562919	1.0
4563233	0.0
4563566	1.0
4563587	0.0
4643488	1.0
4643504	0.0
4643708	1.0
4643723	0.0
4647242	1.0
4647264	0.0
4647272	1.0
4647296	0.0
4658163	14.0
4658169	13.0
4658173	11.0
4658174	9.0
4658175	5.0
4658176	2.0
4658177	1.0
4658178	0.0
4658223	16.0
4658287	15.0
4658288	11.0
4658289	8.0
4658290	6.0
4658291	3.0
4658292	2.0
4658293	1.0
4658294	0.0
5265413	1.0
5265429	0.0
5265522	1.0
5265538	0.0
5267871	2.0
5268685	1.0
5268719	0.0
5269033	1.0
5269049	0.0
