505566	3.0
506116	2.0
506125	3.0
506145	2.0
506936	3.0
507159	4.0
508388	3.0
508400	4.0
508420	3.0
509984	4.0
509998	3.0
510137	4.0
510151	3.0
510337	4.0
510351	3.0
510658	6.0
510665	6.0
510670	5.0
510671	4.0
510672	3.0
510686	6.0
510693	6.0
510698	5.0
510699	4.0
510700	3.0
510708	6.0
510715	6.0
510720	5.0
510721	4.0
510722	3.0
510731	6.0
510738	6.0
510743	5.0
510744	4.0
510745	3.0
510753	6.0
510760	6.0
510765	5.0
510766	4.0
510767	3.0
510775	6.0
510788	7.0
510802	6.0
510804	7.0
510818	6.0
511047	7.0
512936	6.0
514185	5.0
514186	4.0
514187	3.0
514188	2.0
844980	3.0
844993	2.0
844999	3.0
845022	2.0
845153	3.0
845166	2.0
845168	3.0
852977	2.0
854444	3.0
857302	2.0
924126	3.0
934637	4.0
934652	3.0
936977	2.0
952794	3.0
953340	2.0
1024918	9.0
1025122	10.0
1025515	9.0
1026127	10.0
1026271	11.0
1026632	10.0
1026663	11.0
1026677	10.0
1026701	11.0
1027149	12.0
1028124	13.0
1028146	12.0
1028207	13.0
1029789	12.0
1029824	13.0
1029837	12.0
1029956	13.0
1031251	12.0
1031398	13.0
1031411	12.0
1032072	14.0
1032076	16.0
1032079	19.0
1032284	18.0
1032310	19.0
1032406	18.0
1032407	17.0
1032408	13.0
1032409	12.0
1032481	13.0
1032495	12.0
1032986	19.0
1032992	19.0
1032996	18.0
1032997	17.0
1032998	13.0
1032999	12.0
1033143	19.0
1033273	18.0
1033274	15.0
1033275	13.0
1033276	12.0
1033384	19.0
1033390	19.0
1033394	18.0
1033395	16.0
1033396	13.0
1033397	12.0
1033500	19.0
1036394	20.0
1036407	19.0
1036411	20.0
1036429	19.0
1036452	20.0
1036610	19.0
1039525	23.0
1040174	22.0
1040175	21.0
1040176	20.0
1040177	19.0
1040404	23.0
1042218	22.0
1042219	21.0
1042220	20.0
1042221	19.0
1042252	23.0
1042265	22.0
1042266	21.0
1042267	20.0
1042268	19.0
1042367	23.0
1042984	22.0
1042985	23.0
1042991	23.0
1042995	22.0
1042996	21.0
1042997	20.0
1042998	19.0
1043097	23.0
1045526	22.0
1045527	21.0
1045528	20.0
1045529	19.0
1045648	23.0
1046431	22.0
1046432	21.0
1046433	20.0
1046434	19.0
1046555	23.0
1046566	22.0
1046567	21.0
1046568	20.0
1046569	19.0
1046644	23.0
1046655	22.0
1046656	21.0
1046657	20.0
1046658	19.0
1046773	23.0
1046779	23.0
1046783	22.0
1046784	21.0
1046785	20.0
1046786	19.0
1046920	23.0
1046926	23.0
1046930	22.0
1046931	21.0
1046932	20.0
1046933	19.0
1047151	23.0
1047157	23.0
1047161	22.0
1047162	21.0
1047163	20.0
1047164	19.0
1047262	23.0
1047268	23.0
1047272	22.0
1047273	21.0
1047274	20.0
1047275	19.0
1047308	23.0
1047319	22.0
1047320	21.0
1047321	20.0
1047322	19.0
1047481	23.0
1053437	22.0
1106218	21.0
1106219	20.0
1106852	22.0
1109096	21.0
1109097	22.0
1110626	23.0
1110649	22.0
1110665	23.0
1110677	22.0
1110692	23.0
1111291	24.0
1111307	23.0
1111509	24.0
1112009	23.0
1112135	21.0
1112136	20.0
1112220	21.0
1112234	20.0
1112281	23.0
1112286	23.0
1112408	24.0
1112423	23.0
1112488	24.0
1112909	23.0
1113126	24.0
1113779	23.0
1116092	21.0
1116093	20.0
1116155	23.0
1116167	21.0
1116168	20.0
1116219	23.0
1120352	24.0
1120460	23.0
1121008	22.0
1121009	21.0
1121010	20.0
1121061	23.0
1121624	21.0
1121625	20.0
1121738	23.0
1122080	22.0
1122081	21.0
1122082	20.0
1123013	23.0
1123403	21.0
1123404	20.0
1123589	19.0
1123908	22.0
1124157	20.0
1124158	19.0
1126347	22.0
1126352	22.0
1126358	20.0
1126359	19.0
1127280	22.0
1127285	22.0
1127291	20.0
1127292	19.0
1128589	22.0
1129054	20.0
1129055	19.0
1209319	21.0
1209331	20.0
1209332	19.0
1209529	21.0
1210092	20.0
1210093	19.0
1210483	21.0
1213024	20.0
1213370	21.0
1214584	20.0
1214657	21.0
1214811	20.0
1214958	21.0
1221513	20.0
1237344	21.0
1237891	20.0
1238317	21.0
1238923	20.0
1239976	21.0
1240010	20.0
1240692	21.0
1240704	20.0
1240849	21.0
1240860	20.0
1241196	21.0
1241207	20.0
1241477	21.0
1241676	20.0
1241733	21.0
1241745	20.0
1241884	21.0
1242513	20.0
1243560	21.0
1243571	20.0
1243725	21.0
1244276	20.0
1244516	21.0
1244528	20.0
1244562	21.0
1245218	20.0
1245476	21.0
1246113	20.0
1246320	21.0
1247175	20.0
1248965	21.0
1248976	20.0
1249049	21.0
1249060	20.0
1249208	21.0
1249579	20.0
1250743	21.0
1251553	20.0
1252676	21.0
1253316	20.0
1254437	21.0
1254637	20.0
1254758	21.0
1255132	20.0
1255397	21.0
1257939	20.0
1258132	21.0
1258789	20.0
1258969	21.0
1258981	20.0
1259106	21.0
1259588	20.0
1259837	21.0
1260523	20.0
1260795	21.0
1260930	20.0
1261060	21.0
1261071	20.0
1261193	21.0
1261415	20.0
1261639	21.0
1262314	20.0
1262536	21.0
1263283	20.0
1263478	21.0
1264114	20.0
1264452	21.0
1265070	20.0
1266117	21.0
1267723	20.0
1268042	21.0
1268680	20.0
1269022	21.0
1269515	20.0
1276039	21.0
1279452	20.0
1282308	21.0
1282319	20.0
1282343	21.0
1282354	20.0
1282567	21.0
1285358	20.0
1285555	21.0
1286327	20.0
1287033	21.0
1323337	20.0
1323477	21.0
1324117	20.0
1324499	21.0
1324992	20.0
1325176	21.0
1325884	20.0
1326084	21.0
1326096	20.0
1326212	21.0
1326784	20.0
1326970	21.0
1326982	20.0
1327119	21.0
1327130	20.0
1327358	21.0
1327369	20.0
1327492	21.0
1327503	20.0
1327705	21.0
1327716	20.0
1328758	21.0
1329643	20.0
1330557	21.0
1331403	20.0
1333277	21.0
1336765	20.0
1336915	21.0
1337594	20.0
1338439	21.0
1338450	20.0
1339557	21.0
1340422	20.0
1340586	21.0
1340598	20.0
1340636	21.0
1342008	20.0
1342276	21.0
1344001	20.0
1344957	21.0
1345728	20.0
1347636	21.0
1349383	20.0
1350356	21.0
1360251	20.0
1360270	21.0
1360281	20.0
1362962	21.0
1365457	20.0
1366732	21.0
1367318	20.0
1371405	21.0
1398143	20.0
1398380	21.0
1398391	20.0
1398544	21.0
1403379	20.0
1404154	21.0
1409514	20.0
1409868	21.0
1410148	20.0
1411592	21.0
1412417	20.0
1413141	21.0
1413153	20.0
1413222	21.0
1413234	20.0
1413342	21.0
1414062	20.0
1414271	21.0
1415916	20.0
1415996	21.0
1416855	21.0
1417711	20.0
1417872	21.0
1418558	20.0
1418764	21.0
1419595	20.0
1419756	21.0
1419768	20.0
1419791	21.0
1420367	20.0
1423091	21.0
1423103	20.0
1423127	21.0
1423139	20.0
1423351	21.0
1423953	20.0
1425794	21.0
1425805	20.0
1426012	21.0
1426692	20.0
1427044	21.0
1427638	20.0
1427900	21.0
1428453	20.0
1429553	21.0
1429564	20.0
1429672	21.0
1430064	20.0
1430174	21.0
1430185	20.0
1430263	21.0
1430274	20.0
1431393	21.0
1432140	20.0
1433190	21.0
1433876	20.0
1434270	21.0
1434772	20.0
1434993	21.0
1435020	20.0
1435194	21.0
1436484	20.0
1437671	21.0
1443878	20.0
1449013	21.0
1449270	22.0
1449399	21.0
1449414	22.0
1449430	21.0
1449598	22.0
1450470	21.0
1450480	22.0
1450746	23.0
1452204	22.0
1452465	21.0
1452716	22.0
1453510	23.0
1454312	22.0
1454628	23.0
1454642	22.0
1454831	23.0
1455178	22.0
1455629	23.0
1455644	22.0
1464198	23.0
1464239	22.0
1464307	23.0
1464321	22.0
1464651	23.0
1464677	22.0
1464685	23.0
1464699	22.0
1464947	23.0
1464960	22.0
1465308	23.0
1465835	22.0
1466000	23.0
1468346	22.0
1468666	23.0
1468965	22.0
1468976	23.0
1468990	22.0
1469120	23.0
1469358	22.0
1469371	23.0
1473487	24.0
1474066	23.0
1474172	24.0
1490526	25.0
1490538	24.0
1490996	25.0
1495055	24.0
1495662	25.0
1497908	24.0
1500645	25.0
1522298	24.0
1530385	25.0
1532654	24.0
1532731	25.0
1533809	24.0
1534040	25.0
1534216	24.0
1535945	25.0
1536642	24.0
1536835	25.0
1536847	24.0
1536873	25.0
1537415	24.0
1537471	25.0
1537541	24.0
1537710	25.0
1547202	24.0
1547203	23.0
1547644	25.0
1547656	25.0
1548283	24.0
1548284	23.0
1548374	25.0
1550097	24.0
1550126	23.0
1550127	22.0
1550683	25.0
1550695	23.0
1550696	22.0
1550916	24.0
1550928	23.0
1550929	22.0
1551640	25.0
1552652	24.0
1553363	25.0
1553376	24.0
1553386	25.0
1553398	24.0
1553606	23.0
1553607	22.0
1553666	24.0
1553678	23.0
1553679	22.0
1553891	23.0
1553903	22.0
1554431	25.0
1554717	24.0
1554957	25.0
1555334	24.0
1555601	23.0
1555602	22.0
1556229	24.0
1556241	23.0
1556242	22.0
1556804	24.0
1556889	25.0
1556902	24.0
1557069	25.0
1557081	24.0
1557145	25.0
1560049	23.0
1560050	22.0
1629813	23.0
1637676	24.0
1637690	23.0
1637795	24.0
1638221	23.0
1638266	24.0
1638390	23.0
1638842	24.0
1640078	20.0
1640079	19.0
1648591	18.0
1649386	19.0
1651162	18.0
1651175	19.0
1651651	18.0
1651774	19.0
1652235	18.0
1654372	17.0
1721611	18.0
1721625	17.0
1721629	18.0
1721643	17.0
1721654	18.0
1721668	17.0
1721692	18.0
1721709	17.0
1721842	18.0
1723820	17.0
2061770	22.0
2061888	22.0
2061899	20.0
2061900	18.0
2061901	17.0
2063869	21.0
2063880	19.0
2063881	18.0
2063882	17.0
2066690	21.0
2066703	18.0
2066704	17.0
2066941	21.0
2067422	21.0
2067435	18.0
2067436	17.0
2067499	21.0
2067512	18.0
2067513	17.0
2067941	21.0
2068326	18.0
2068327	17.0
2068495	21.0
2072068	18.0
2072069	17.0
2130711	18.0
2136954	22.0
2137181	20.0
2137182	19.0
2137183	18.0
2216223	19.0
2216235	18.0
2230117	19.0
2230129	18.0
2230939	19.0
2231811	20.0
2233125	19.0
2233626	20.0
2233641	19.0
2233661	20.0
2233675	19.0
2233714	20.0
2234044	21.0
2236625	20.0
2237263	19.0
2237925	23.0
2237938	20.0
2237939	19.0
2238159	23.0
2238276	24.0
2238289	23.0
2238292	24.0
2238664	23.0
2238780	24.0
2239340	25.0
2239353	24.0
2240658	25.0
2241749	24.0
2241750	23.0
2241831	25.0
2241897	24.0
2241898	23.0
2241949	25.0
2242133	24.0
2242162	23.0
2242163	22.0
2242201	24.0
2242314	25.0
2242326	24.0
2242447	25.0
2242611	24.0
2242678	25.0
2242692	24.0
2242704	25.0
2242718	24.0
2242726	25.0
2244659	26.0
2245773	25.0
2247792	24.0
2247956	25.0
2247970	24.0
2248397	25.0
2248409	24.0
2248420	25.0
2248435	24.0
2251900	23.0
2257954	22.0
2317951	24.0
2318810	25.0
2318823	24.0
2318884	25.0
2319069	24.0
2319096	23.0
2319115	24.0
2319160	25.0
2319174	24.0
2319178	25.0
2319242	24.0
2319270	23.0
2319283	24.0
2319296	23.0
2321113	22.0
2321830	23.0
2321844	22.0
2322540	23.0
2322579	24.0
2322606	23.0
2322616	24.0
2322631	23.0
2322687	24.0
2322688	25.0
2322761	24.0
2323280	25.0
2323294	24.0
2323804	25.0
2323852	24.0
2329914	25.0
2329921	25.0
2329927	23.0
2329928	22.0
2333833	23.0
2334049	22.0
2676855	21.0
2677503	22.0
2677707	21.0
2735448	22.0
2735463	23.0
2735676	22.0
2735677	21.0
2735691	23.0
2735702	22.0
2735703	21.0
2736229	23.0
2736717	22.0
2736718	21.0
2754451	20.0
2754523	21.0
2754581	20.0
2821935	21.0
2821949	20.0
2821961	21.0
2821975	20.0
2821988	21.0
2822002	20.0
2822015	21.0
2822029	20.0
2822042	21.0
2822056	20.0
2822069	21.0
2824722	20.0
2824935	21.0
2825633	20.0
2827432	21.0
2827446	20.0
2828038	21.0
2828042	22.0
2828055	21.0
2828068	22.0
2828095	21.0
2828096	20.0
2829204	19.0
2829205	18.0
2829233	20.0
2830066	19.0
2830067	18.0
2830428	20.0
2830434	20.0
2830440	19.0
2830441	18.0
2830557	20.0
2830903	19.0
2830904	18.0
2835698	22.0
2835767	21.0
2835768	20.0
2835769	19.0
2835770	18.0
2837108	17.0
2848718	16.0
2850316	17.0
2850345	16.0
2850529	17.0
2850546	16.0
2916360	17.0
2916450	16.0
2923743	17.0
2923759	16.0
2923863	15.0
2923871	16.0
2923892	17.0
2923907	16.0
2924203	15.0
2925642	16.0
2925658	15.0
2925963	16.0
2925978	15.0
2926440	16.0
2929306	17.0
2929626	16.0
2929734	17.0
2931024	16.0
2931696	17.0
2932343	18.0
2932855	17.0
2993381	18.0
2993397	17.0
2993768	18.0
2993780	17.0
2993843	18.0
2995235	17.0
2995739	18.0
2996983	17.0
2997657	18.0
2997671	17.0
3115913	18.0
3117081	17.0
3118083	18.0
3118250	17.0
3118816	18.0
3119150	17.0
3260000	19.0
3260476	18.0
3260477	17.0
3261652	16.0
3262579	17.0
3263157	16.0
3263375	17.0
3263387	16.0
3263651	17.0
3263824	16.0
3264239	17.0
3352457	18.0
3352469	17.0
3357003	18.0
3357017	17.0
3357317	18.0
3357863	17.0
3432756	16.0
3435918	17.0
3440280	18.0
3440779	17.0
3440817	18.0
3440835	17.0
3440875	18.0
3440887	19.0
3440902	19.0
3440921	20.0
3441061	22.0
3441066	22.0
3441072	21.0
3441073	20.0
3441102	19.0
3441152	18.0
3441265	19.0
3441279	18.0
3442525	17.0
3442568	18.0
3442581	17.0
3442682	18.0
3442984	20.0
3443562	19.0
3443563	18.0
3444432	19.0
3444446	18.0
3444454	19.0
3444468	18.0
3444481	19.0
3444495	19.0
3444505	20.0
3444508	19.0
3444509	18.0
3444518	17.0
3444614	18.0
3444630	17.0
3444653	19.0
3444665	18.0
3444666	17.0
3444741	18.0
3445441	20.0
3445601	19.0
3445602	18.0
3445884	20.0
3446147	19.0
3446435	20.0
3446587	21.0
3446608	19.0
3446609	18.0
3446639	21.0
3446746	20.0
3446747	19.0
3446748	18.0
3446791	19.0
3446800	18.0
3446919	17.0
3447078	18.0
3447087	17.0
3447166	18.0
3447485	20.0
3447496	19.0
3447497	18.0
3447565	20.0
3447954	19.0
3447955	18.0
3447977	20.0
3448333	19.0
3448420	20.0
3449273	19.0
3449392	20.0
3451062	19.0
3451064	18.0
3451065	16.0
3451066	13.0
3451067	12.0
3451083	20.0
3451088	20.0
3451090	19.0
3451092	18.0
3451093	16.0
3451094	13.0
3451095	12.0
3451151	20.0
3451158	19.0
3451160	18.0
3451161	16.0
3451162	13.0
3451163	12.0
3451239	20.0
3451648	18.0
3451649	17.0
3451650	15.0
3451651	13.0
3451652	12.0
3451653	20.0
3451894	21.0
3452022	20.0
3452249	19.0
3452325	18.0
3452443	17.0
3452496	18.0
3452552	17.0
3452553	16.0
3452554	14.0
3452555	12.0
3452556	11.0
3452569	18.0
3452575	18.0
3452578	17.0
3452579	16.0
3452580	14.0
3452581	12.0
3452582	11.0
3452616	12.0
3452628	11.0
3452641	18.0
3452654	19.0
3452699	18.0
3452701	17.0
3452702	15.0
3452703	12.0
3452704	10.0
3452705	9.0
3452712	19.0
3452718	19.0
3452720	18.0
3452722	17.0
3452723	14.0
3452724	10.0
3452725	9.0
3452759	10.0
3452766	20.0
3452772	19.0
3452773	19.0
3452774	18.0
3452776	19.0
3452860	20.0
3452873	19.0
3452998	17.0
3452999	16.0
3453000	14.0
3453001	12.0
3453002	11.0
3453026	10.0
3453027	9.0
3453082	19.0
3453086	20.0
3453261	19.0
3453262	18.0
3453332	20.0
3453338	20.0
3453344	19.0
3453345	18.0
3453347	17.0
3453998	16.0
3453999	15.0
3454000	13.0
3454001	12.0
3454002	11.0
3454264	17.0
3454270	17.0
3454274	16.0
3454275	15.0
3454276	12.0
3454277	11.0
3454616	17.0
3455912	16.0
3455913	15.0
3455914	13.0
3455915	12.0
3455916	11.0
3456042	17.0
3456667	16.0
3456668	15.0
3456669	13.0
3456670	12.0
3456671	11.0
3456679	17.0
3456689	16.0
3456690	15.0
3456691	13.0
3456692	12.0
3456693	11.0
3456727	17.0
3456737	16.0
3456738	15.0
3456739	13.0
3456740	12.0
3456741	11.0
3457257	17.0
3457600	16.0
3457776	17.0
3457786	16.0
3457791	15.0
3457792	13.0
3457793	12.0
3457794	11.0
3458528	16.0
3511448	17.0
3511461	16.0
3527637	17.0
3528076	16.0
4035968	17.0
4035984	16.0
4038486	17.0
4038509	16.0
4048712	17.0
4049078	16.0
4059058	15.0
4059059	14.0
4059061	16.0
4059076	15.0
4059077	14.0
4059118	15.0
4059326	16.0
4059501	15.0
4059640	14.0
4059975	15.0
4060516	14.0
4060745	15.0
4061086	16.0
4062051	15.0
4062052	14.0
4062155	16.0
4063257	15.0
4063258	14.0
4063532	16.0
4065061	15.0
4066376	14.0
4066412	15.0
4066428	14.0
4124680	15.0
4125278	14.0
4132218	15.0
4132346	14.0
4133896	15.0
4133966	14.0
4134524	15.0
4135733	14.0
4135819	15.0
4135832	14.0
4135842	15.0
4135853	14.0
4470343	13.0
4470344	12.0
4471115	14.0
4472601	13.0
4472602	12.0
4473131	14.0
4473364	13.0
4473365	12.0
4473967	14.0
4473981	13.0
4473982	12.0
4474090	14.0
4474097	14.0
4474103	13.0
4474104	12.0
4476596	14.0
4476855	13.0
4476856	12.0
4485518	14.0
4486227	13.0
4486228	12.0
4486233	14.0
4486246	13.0
4486247	12.0
4486321	14.0
4487212	13.0
4487213	12.0
4487391	14.0
4488049	13.0
4488050	12.0
4550123	13.0
4553027	12.0
4553373	13.0
4553575	12.0
4553867	13.0
4553881	12.0
4554414	13.0
4554514	12.0
4554731	13.0
4555129	12.0
4556590	13.0
4556924	14.0
4556963	13.0
4557069	12.0
4557140	13.0
4557197	12.0
4557594	13.0
4557608	12.0
4557792	13.0
4558447	15.0
4558699	14.0
4559124	15.0
4559139	14.0
4559323	15.0
4559329	16.0
4559343	15.0
4559457	16.0
4559471	15.0
4560092	14.0
4560098	13.0
4560664	12.0
4560677	13.0
4560843	14.0
4561216	13.0
4561228	14.0
4561241	13.0
4561433	14.0
4561726	13.0
4562074	12.0
4563230	14.0
4563244	13.0
4563245	12.0
4563859	13.0
4565112	12.0
4565383	13.0
4565397	12.0
4565481	13.0
4565495	12.0
4580349	11.0
4580350	9.0
4580351	8.0
4580352	7.0
4580414	12.0
4580550	11.0
4580551	9.0
4580552	8.0
4580553	7.0
4580844	12.0
4581484	11.0
4581485	9.0
4581486	8.0
4581487	7.0
4581655	12.0
4582202	11.0
4582203	9.0
4582204	8.0
4582205	7.0
4582509	12.0
4582520	11.0
4582521	9.0
4582522	8.0
4582523	7.0
4582560	12.0
4583221	11.0
4583222	9.0
4583223	8.0
4583224	7.0
4583496	12.0
4583961	11.0
4583962	9.0
4583963	8.0
4583964	7.0
4584581	12.0
4585397	11.0
4585398	9.0
4585399	8.0
4585400	7.0
4585928	12.0
4627906	13.0
4628743	12.0
4635005	11.0
4635006	9.0
4635007	8.0
4635008	7.0
4635199	12.0
4635739	13.0
4635752	12.0
4635762	13.0
4635776	12.0
4635846	13.0
4635860	12.0
4636114	13.0
4636716	12.0
4636717	10.0
4636718	8.0
4636719	7.0
4636771	13.0
4637760	12.0
4637761	10.0
4637762	8.0
4637763	7.0
4637929	13.0
4639107	12.0
4639108	10.0
4639109	8.0
4639110	7.0
4639206	12.0
4640375	11.0
4640376	9.0
4640377	8.0
4640378	7.0
4641001	12.0
4641012	11.0
4641013	9.0
4641014	8.0
4641015	7.0
4642629	12.0
4642667	13.0
4643162	12.0
4643163	10.0
4643164	9.0
4643165	8.0
4643178	9.0
4643192	8.0
4643240	9.0
4643254	8.0
4643315	9.0
4643319	14.0
4643328	13.0
4643403	14.0
4643504	13.0
4643555	14.0
4643723	15.0
4643912	15.0
4644169	14.0
4644235	15.0
4644249	14.0
4644275	15.0
4644323	14.0
4644501	15.0
4644579	14.0
4644669	15.0
4644684	14.0
4644718	15.0
4644798	14.0
4644989	15.0
4645003	14.0
4645004	15.0
4645017	14.0
4645109	15.0
4645123	14.0
4647327	13.0
4647424	14.0
4647437	13.0
4647485	14.0
4647713	13.0
4647725	14.0
4647739	13.0
4647774	14.0
4648127	13.0
4648395	12.0
4649899	14.0
4649906	14.0
4649912	13.0
4649913	12.0
4650003	14.0
4650268	15.0
4650282	14.0
4650348	15.0
4651141	14.0
4651154	15.0
4651167	14.0
4651282	13.0
4651283	11.0
4651284	10.0
4651285	9.0
4651467	10.0
4651482	9.0
4653383	14.0
4653466	13.0
4653467	11.0
4653468	10.0
4653469	9.0
4653504	10.0
4653599	15.0
4653611	14.0
4653612	12.0
4653613	11.0
4653614	10.0
4653697	15.0
4654126	16.0
4654221	15.0
4654391	14.0
4654959	13.0
4654960	11.0
4654961	10.0
4654962	9.0
4654972	14.0
4654983	13.0
4654984	11.0
4654985	10.0
4654986	9.0
4655013	14.0
4655019	14.0
4655023	13.0
4655024	11.0
4655025	10.0
4655026	9.0
4655676	14.0
4655990	13.0
4656635	12.0
4656636	10.0
4656637	9.0
4656638	8.0
4656771	13.0
4656988	14.0
4657003	13.0
4657028	12.0
4657029	9.0
4657030	8.0
4657205	14.0
4657233	13.0
4657259	14.0
4657270	13.0
4657408	14.0
4657493	15.0
4658133	14.0
4658134	13.0
4658167	14.0
4658169	16.0
4658178	15.0
4658225	16.0
4658294	15.0
4658303	14.0
4658304	13.0
4658307	15.0
4658344	14.0
4658428	15.0
4658544	14.0
4658552	15.0
4659116	13.0
4659117	12.0
4659267	14.0
4659279	13.0
4659280	12.0
4659332	14.0
4659344	13.0
4659345	12.0
4659357	14.0
4659362	14.0
4659368	13.0
4659369	12.0
4659534	13.0
4659555	15.0
4661634	13.0
4661635	12.0
4661737	15.0
4661839	14.0
4662007	15.0
4662052	16.0
4662065	15.0
4662160	16.0
4662173	15.0
4662208	14.0
4662219	15.0
4662245	14.0
4664484	15.0
4665359	14.0
4665371	15.0
4665954	14.0
4667631	15.0
4667714	14.0
4667890	15.0
4667905	14.0
4671705	15.0
4671720	14.0
4671898	15.0
4671941	14.0
4733026	15.0
4733040	14.0
4737607	13.0
4738567	14.0
4738582	13.0
4739422	14.0
4739453	15.0
4739647	14.0
4739648	13.0
4740972	14.0
4740987	13.0
4741004	14.0
4741019	13.0
4742210	12.0
4742341	13.0
4742344	13.0
4742348	12.0
4742719	13.0
4742727	12.0
4742783	13.0
4743324	12.0
4743813	13.0
4744538	12.0
4744698	13.0
4744706	12.0
4744833	13.0
4745135	12.0
4745332	13.0
4745335	13.0
4745339	12.0
4745439	13.0
4745442	13.0
4745446	12.0
4745579	13.0
4745582	13.0
4745586	12.0
4745947	13.0
4746108	12.0
4747118	13.0
4747731	12.0
4748027	13.0
4748648	12.0
4749235	13.0
4749243	12.0
4749250	13.0
4749605	12.0
4749961	13.0
4750321	14.0
4750337	13.0
4750409	12.0
4750443	13.0
4750970	12.0
4751645	13.0
4757845	12.0
4758153	13.0
4758548	12.0
4759005	13.0
4759008	13.0
4759012	12.0
4759538	13.0
4759586	12.0
5184514	11.0
5184517	10.0
5254814	7.0
5254815	5.0
5254816	4.0
5255011	2.0
5255012	1.0
5267872	2.0
5268685	1.0
5268719	0.0
5269033	1.0
5269049	0.0
5420507	2.0
5420888	1.0
5420891	0.0
5421254	2.0
5421267	1.0
5421270	0.0
5421387	2.0
5421399	1.0
5421402	0.0
5421551	2.0
5421807	1.0
5421810	0.0
5422182	2.0
5423048	1.0
5423051	0.0
5423060	2.0
5423073	1.0
5423076	0.0
5423924	3.0
5424048	2.0
5424856	1.0
5424859	0.0
5424869	2.0
5424881	1.0
5424884	0.0
5425623	2.0
5427859	1.0
5427862	0.0
