160988	1.0
161003	0.0
452126	1.0
452254	0.0
453512	1.0
453527	0.0
453898	1.0
453913	0.0
454256	1.0
460992	0.0
461011	1.0
461217	0.0
461691	1.0
461823	0.0
461846	1.0
461861	0.0
461871	1.0
463060	0.0
463082	1.0
463097	0.0
463363	1.0
463378	0.0
668623	1.0
668638	0.0
668881	1.0
668896	0.0
669120	1.0
674641	0.0
675741	1.0
675756	0.0
675924	1.0
675939	0.0
765416	1.0
765432	0.0
765450	1.0
765466	0.0
765830	1.0
766607	0.0
766841	1.0
767031	0.0
767062	1.0
767157	0.0
769846	1.0
769906	0.0
770724	1.0
770739	0.0
772013	1.0
772028	0.0
773333	1.0
773348	0.0
774341	1.0
774356	0.0
774404	1.0
774420	0.0
774531	1.0
775039	0.0
775049	1.0
775132	0.0
775144	1.0
775204	0.0
775532	1.0
775565	0.0
775851	1.0
775867	0.0
796628	1.0
796915	0.0
798443	1.0
799703	0.0
800969	1.0
814407	0.0
814417	1.0
814433	0.0
815043	1.0
831700	0.0
832113	1.0
833035	0.0
833045	1.0
833695	0.0
882009	1.0
882783	0.0
882793	1.0
882809	0.0
883110	1.0
883565	0.0
883864	1.0
883879	0.0
884884	1.0
885333	0.0
885700	1.0
886197	0.0
886991	1.0
887006	0.0
887377	1.0
887906	0.0
888141	1.0
888879	0.0
890213	1.0
891518	0.0
896160	1.0
899045	0.0
899157	1.0
901303	0.0
901629	1.0
920786	0.0
920943	1.0
921362	0.0
921616	1.0
922293	0.0
969086	1.0
969114	0.0
970279	1.0
970295	0.0
970687	1.0
971190	0.0
972042	1.0
995379	0.0
995385	1.0
995401	0.0
995457	1.0
995472	0.0
997282	1.0
997978	0.0
998162	1.0
999095	0.0
999105	1.0
1003575	0.0
1003585	1.0
1003601	0.0
1003616	1.0
1003631	0.0
1006241	1.0
1012690	3.0
1015568	2.0
1015569	1.0
1017504	3.0
1017786	2.0
1017787	1.0
1018043	3.0
1018759	2.0
1018760	1.0
1019014	3.0
1019696	2.0
1019697	1.0
1020253	3.0
1020260	3.0
1020266	2.0
1020267	1.0
1020371	3.0
1020378	3.0
1020384	2.0
1020385	1.0
1020416	3.0
1020423	3.0
1020429	2.0
1020430	1.0
1020692	3.0
1021332	2.0
1021333	1.0
1021584	3.0
1024476	2.0
1024477	1.0
1024709	3.0
1024906	2.0
1024907	1.0
1025041	3.0
1025048	3.0
1025054	2.0
1025055	1.0
1025455	3.0
1025469	2.0
1025470	1.0
1025756	3.0
1026337	2.0
1026338	1.0
1026604	3.0
1029434	2.0
1029435	1.0
1030143	3.0
1030313	2.0
1030314	1.0
1030384	3.0
1030398	2.0
1030399	1.0
1030666	3.0
1031702	2.0
1031703	1.0
1031891	3.0
1032137	2.0
1032138	1.0
1032443	3.0
1039527	23.0
1040172	21.0
1040173	19.0
1040174	15.0
1040175	8.0
1040176	4.0
1040177	3.0
1040407	23.0
1042216	22.0
1042217	21.0
1042218	17.0
1042219	10.0
1042220	4.0
1042221	3.0
1042255	23.0
1042263	21.0
1042264	19.0
1042265	15.0
1042266	8.0
1042267	4.0
1042268	3.0
1042370	23.0
1042982	22.0
1042983	20.0
1042984	16.0
1042985	9.0
1042986	23.0
1042991	23.0
1042993	22.0
1042994	20.0
1042995	16.0
1042996	9.0
1042997	4.0
1042998	3.0
1043100	23.0
1045524	22.0
1045525	20.0
1045526	17.0
1045527	9.0
1045528	4.0
1045529	3.0
1045649	23.0
1046429	22.0
1046430	21.0
1046431	17.0
1046432	10.0
1046433	4.0
1046434	3.0
1046556	23.0
1046564	22.0
1046565	20.0
1046566	16.0
1046567	9.0
1046568	4.0
1046569	3.0
1046645	23.0
1046653	22.0
1046654	20.0
1046655	16.0
1046656	9.0
1046657	4.0
1046658	3.0
1046774	23.0
1046779	23.0
1046781	22.0
1046782	20.0
1046783	16.0
1046784	9.0
1046785	4.0
1046786	3.0
1046921	23.0
1046926	23.0
1046928	22.0
1046929	20.0
1046930	16.0
1046931	9.0
1046932	4.0
1046933	3.0
1047152	23.0
1047157	23.0
1047159	22.0
1047160	20.0
1047161	16.0
1047162	9.0
1047163	4.0
1047164	3.0
1047263	23.0
1047268	23.0
1047270	22.0
1047271	20.0
1047272	16.0
1047273	9.0
1047274	4.0
1047275	3.0
1047309	23.0
1047317	22.0
1047318	20.0
1047319	16.0
1047320	9.0
1047321	4.0
1047322	3.0
1047482	23.0
1053437	22.0
1106212	21.0
1106213	19.0
1106214	15.0
1106215	8.0
1106216	4.0
1106217	3.0
1106218	2.0
1106219	1.0
1106849	22.0
1109091	21.0
1109092	20.0
1109093	17.0
1109094	9.0
1109095	22.0
1110627	23.0
1110649	22.0
1110668	23.0
1110677	22.0
1110695	23.0
1111294	24.0
1111307	23.0
1111512	24.0
1112009	23.0
1112129	23.0
1112130	22.0
1112131	21.0
1112132	18.0
1112133	10.0
1112134	4.0
1112135	3.0
1112136	2.0
1112279	23.0
1112414	24.0
1112423	23.0
1112490	24.0
1112909	23.0
1113127	24.0
1113779	23.0
1116089	19.0
1116090	10.0
1116091	4.0
1116092	3.0
1116093	2.0
1116153	23.0
1116164	19.0
1116165	10.0
1116166	4.0
1116167	3.0
1116168	2.0
1116217	23.0
1120355	24.0
1120460	23.0
1121004	22.0
1121005	20.0
1121006	16.0
1121007	9.0
1121008	4.0
1121009	3.0
1121010	2.0
1121059	23.0
1121619	22.0
1121620	20.0
1121621	16.0
1121622	9.0
1121623	4.0
1121624	3.0
1121625	2.0
1121736	23.0
1122076	22.0
1122077	20.0
1122078	16.0
1122079	9.0
1122080	4.0
1122081	3.0
1122082	2.0
1123011	23.0
1123397	23.0
1123398	22.0
1123399	20.0
1123400	16.0
1123401	9.0
1123402	4.0
1123403	3.0
1123404	2.0
1123906	22.0
1124151	22.0
1124152	21.0
1124153	19.0
1124154	15.0
1124155	8.0
1124156	4.0
1124157	3.0
1124158	2.0
1126345	22.0
1126352	22.0
1126353	21.0
1126354	19.0
1126355	15.0
1126356	8.0
1126357	4.0
1126358	3.0
1126359	2.0
1127278	22.0
1127285	22.0
1127286	21.0
1127287	19.0
1127288	15.0
1127289	8.0
1127290	4.0
1127291	3.0
1127292	2.0
1128587	22.0
1129049	21.0
1129050	19.0
1129051	15.0
1129052	8.0
1129053	4.0
1129054	3.0
1129055	2.0
1141581	1.0
1141582	0.0
1141635	2.0
1141650	1.0
1141651	0.0
1145494	2.0
1152279	1.0
1152280	0.0
1152408	2.0
1152422	1.0
1152423	0.0
1152732	2.0
1154037	1.0
1154038	0.0
1154169	2.0
1154183	1.0
1154184	0.0
1154607	2.0
1154796	1.0
1154797	0.0
1155052	2.0
1155066	1.0
1155067	0.0
1155514	2.0
1158455	1.0
1158456	0.0
1158573	2.0
1158587	1.0
1158588	0.0
1159092	2.0
1159547	1.0
1159548	0.0
1160071	2.0
1160085	1.0
1160086	0.0
1160327	2.0
1163540	1.0
1163541	0.0
1163664	2.0
1163678	1.0
1163679	0.0
1163789	2.0
1168747	1.0
1168748	0.0
1172492	2.0
1180535	1.0
1180536	0.0
1180654	2.0
1180668	1.0
1180669	0.0
1180812	2.0
1181189	1.0
1181190	0.0
1191457	2.0
1192192	1.0
1192193	0.0
1192473	2.0
1198380	1.0
1198381	0.0
1198696	2.0
1198710	1.0
1198711	0.0
1199671	2.0
1201217	1.0
1201218	0.0
1202505	2.0
1208646	1.0
1208647	0.0
1237340	21.0
1237884	20.0
1237885	18.0
1237886	14.0
1237887	7.0
1237888	3.0
1237889	2.0
1237890	1.0
1237891	0.0
1238313	21.0
1238916	20.0
1238917	18.0
1238918	14.0
1238919	7.0
1238920	3.0
1238921	2.0
1238922	1.0
1238923	0.0
1239972	21.0
1240003	20.0
1240004	18.0
1240005	14.0
1240006	7.0
1240007	3.0
1240008	2.0
1240009	1.0
1240010	0.0
1240688	21.0
1240697	20.0
1240698	18.0
1240699	14.0
1240700	7.0
1240701	3.0
1240702	2.0
1240703	1.0
1240704	0.0
1240845	21.0
1240853	20.0
1240854	18.0
1240855	14.0
1240856	7.0
1240857	3.0
1240858	2.0
1240859	1.0
1240860	0.0
1241192	21.0
1241200	20.0
1241201	18.0
1241202	14.0
1241203	7.0
1241204	3.0
1241205	2.0
1241206	1.0
1241207	0.0
1241473	21.0
1241669	20.0
1241670	18.0
1241671	14.0
1241672	7.0
1241673	3.0
1241674	2.0
1241675	1.0
1241676	0.0
1241729	21.0
1241738	20.0
1241739	18.0
1241740	14.0
1241741	7.0
1241742	3.0
1241743	2.0
1241744	1.0
1241745	0.0
1241880	21.0
1242506	20.0
1242507	18.0
1242508	14.0
1242509	7.0
1242510	3.0
1242511	2.0
1242512	1.0
1242513	0.0
1243556	21.0
1243564	20.0
1243565	18.0
1243566	14.0
1243567	7.0
1243568	3.0
1243569	2.0
1243570	1.0
1243571	0.0
1243721	21.0
1244269	20.0
1244270	18.0
1244271	14.0
1244272	7.0
1244273	3.0
1244274	2.0
1244275	1.0
1244276	0.0
1244512	21.0
1244521	20.0
1244522	18.0
1244523	14.0
1244524	7.0
1244525	3.0
1244526	2.0
1244527	1.0
1244528	0.0
1244558	21.0
1245211	20.0
1245212	18.0
1245213	14.0
1245214	7.0
1245215	3.0
1245216	2.0
1245217	1.0
1245218	0.0
1245472	21.0
1246106	20.0
1246107	18.0
1246108	14.0
1246109	7.0
1246110	3.0
1246111	2.0
1246112	1.0
1246113	0.0
1246316	21.0
1247168	20.0
1247169	18.0
1247170	14.0
1247171	7.0
1247172	3.0
1247173	2.0
1247174	1.0
1247175	0.0
1248961	21.0
1248969	20.0
1248970	18.0
1248971	14.0
1248972	7.0
1248973	3.0
1248974	2.0
1248975	1.0
1248976	0.0
1249045	21.0
1249053	20.0
1249054	18.0
1249055	14.0
1249056	7.0
1249057	3.0
1249058	2.0
1249059	1.0
1249060	0.0
1249204	21.0
1249572	20.0
1249573	18.0
1249574	14.0
1249575	7.0
1249576	3.0
1249577	2.0
1249578	1.0
1249579	0.0
1250739	21.0
1251546	20.0
1251547	18.0
1251548	14.0
1251549	7.0
1251550	3.0
1251551	2.0
1251552	1.0
1251553	0.0
1252672	21.0
1253309	20.0
1253310	18.0
1253311	14.0
1253312	7.0
1253313	3.0
1253314	2.0
1253315	1.0
1253316	0.0
1254433	21.0
1254630	20.0
1254631	18.0
1254632	14.0
1254633	7.0
1254634	3.0
1254635	2.0
1254636	1.0
1254637	0.0
1254754	21.0
1255125	20.0
1255126	18.0
1255127	14.0
1255128	7.0
1255129	3.0
1255130	2.0
1255131	1.0
1255132	0.0
1255393	21.0
1257932	20.0
1257933	18.0
1257934	14.0
1257935	7.0
1257936	3.0
1257937	2.0
1257938	1.0
1257939	0.0
1258128	21.0
1258782	20.0
1258783	18.0
1258784	14.0
1258785	7.0
1258786	3.0
1258787	2.0
1258788	1.0
1258789	0.0
1258965	21.0
1258974	20.0
1258975	18.0
1258976	14.0
1258977	7.0
1258978	3.0
1258979	2.0
1258980	1.0
1258981	0.0
1259102	21.0
1259581	20.0
1259582	18.0
1259583	14.0
1259584	7.0
1259585	3.0
1259586	2.0
1259587	1.0
1259588	0.0
1259833	21.0
1260516	20.0
1260517	18.0
1260518	14.0
1260519	7.0
1260520	3.0
1260521	2.0
1260522	1.0
1260523	0.0
1260791	21.0
1260923	20.0
1260924	18.0
1260925	14.0
1260926	7.0
1260927	3.0
1260928	2.0
1260929	1.0
1260930	0.0
1261056	21.0
1261064	20.0
1261065	18.0
1261066	14.0
1261067	7.0
1261068	3.0
1261069	2.0
1261070	1.0
1261071	0.0
1261189	21.0
1261408	20.0
1261409	18.0
1261410	14.0
1261411	7.0
1261412	3.0
1261413	2.0
1261414	1.0
1261415	0.0
1261635	21.0
1262307	20.0
1262308	18.0
1262309	14.0
1262310	7.0
1262311	3.0
1262312	2.0
1262313	1.0
1262314	0.0
1262532	21.0
1263276	20.0
1263277	18.0
1263278	14.0
1263279	7.0
1263280	3.0
1263281	2.0
1263282	1.0
1263283	0.0
1263474	21.0
1264107	20.0
1264108	18.0
1264109	14.0
1264110	7.0
1264111	3.0
1264112	2.0
1264113	1.0
1264114	0.0
1264448	21.0
1265063	20.0
1265064	18.0
1265065	14.0
1265066	7.0
1265067	3.0
1265068	2.0
1265069	1.0
1265070	0.0
1266113	21.0
1267716	20.0
1267717	18.0
1267718	14.0
1267719	7.0
1267720	3.0
1267721	2.0
1267722	1.0
1267723	0.0
1268038	21.0
1268673	20.0
1268674	18.0
1268675	14.0
1268676	7.0
1268677	3.0
1268678	2.0
1268679	1.0
1268680	0.0
1269018	21.0
1269508	20.0
1269509	18.0
1269510	14.0
1269511	7.0
1269512	3.0
1269513	2.0
1269514	1.0
1269515	0.0
1276035	21.0
1279445	20.0
1279446	18.0
1279447	14.0
1279448	7.0
1279449	3.0
1279450	2.0
1279451	1.0
1279452	0.0
1282304	21.0
1282312	20.0
1282313	18.0
1282314	14.0
1282315	7.0
1282316	3.0
1282317	2.0
1282318	1.0
1282319	0.0
1282339	21.0
1282347	20.0
1282348	18.0
1282349	14.0
1282350	7.0
1282351	3.0
1282352	2.0
1282353	1.0
1282354	0.0
1282563	21.0
1285351	20.0
1285352	18.0
1285353	14.0
1285354	7.0
1285355	3.0
1285356	2.0
1285357	1.0
1285358	0.0
1285551	21.0
1286320	20.0
1286321	18.0
1286322	14.0
1286323	7.0
1286324	3.0
1286325	2.0
1286326	1.0
1286327	0.0
1287029	21.0
1323331	18.0
1323332	14.0
1323333	7.0
1323334	3.0
1323335	2.0
1323336	1.0
1323337	0.0
1323473	21.0
1324111	18.0
1324112	14.0
1324113	7.0
1324114	3.0
1324115	2.0
1324116	1.0
1324117	0.0
1324495	21.0
1324986	18.0
1324987	14.0
1324988	7.0
1324989	3.0
1324990	2.0
1324991	1.0
1324992	0.0
1325172	21.0
1325878	18.0
1325879	14.0
1325880	7.0
1325881	3.0
1325882	2.0
1325883	1.0
1325884	0.0
1326080	21.0
1326090	18.0
1326091	14.0
1326092	7.0
1326093	3.0
1326094	2.0
1326095	1.0
1326096	0.0
1326208	21.0
1326778	18.0
1326779	14.0
1326780	7.0
1326781	3.0
1326782	2.0
1326783	1.0
1326784	0.0
1326966	21.0
1326976	18.0
1326977	14.0
1326978	7.0
1326979	3.0
1326980	2.0
1326981	1.0
1326982	0.0
1327115	21.0
1327124	18.0
1327125	14.0
1327126	7.0
1327127	3.0
1327128	2.0
1327129	1.0
1327130	0.0
1327354	21.0
1327363	18.0
1327364	14.0
1327365	7.0
1327366	3.0
1327367	2.0
1327368	1.0
1327369	0.0
1327488	21.0
1327497	18.0
1327498	14.0
1327499	7.0
1327500	3.0
1327501	2.0
1327502	1.0
1327503	0.0
1327701	21.0
1327710	18.0
1327711	14.0
1327712	7.0
1327713	3.0
1327714	2.0
1327715	1.0
1327716	0.0
1328754	21.0
1329637	18.0
1329638	14.0
1329639	7.0
1329640	3.0
1329641	2.0
1329642	1.0
1329643	0.0
1330553	21.0
1331397	18.0
1331398	14.0
1331399	7.0
1331400	3.0
1331401	2.0
1331402	1.0
1331403	0.0
1333273	21.0
1336759	18.0
1336760	14.0
1336761	7.0
1336762	3.0
1336763	2.0
1336764	1.0
1336765	0.0
1336911	21.0
1337588	18.0
1337589	14.0
1337590	7.0
1337591	3.0
1337592	2.0
1337593	1.0
1337594	0.0
1338435	21.0
1338444	18.0
1338445	14.0
1338446	7.0
1338447	3.0
1338448	2.0
1338449	1.0
1338450	0.0
1339553	21.0
1340416	18.0
1340417	14.0
1340418	7.0
1340419	3.0
1340420	2.0
1340421	1.0
1340422	0.0
1340582	21.0
1340592	18.0
1340593	14.0
1340594	7.0
1340595	3.0
1340596	2.0
1340597	1.0
1340598	0.0
1340632	21.0
1342002	18.0
1342003	14.0
1342004	7.0
1342005	3.0
1342006	2.0
1342007	1.0
1342008	0.0
1342272	21.0
1343995	18.0
1343996	14.0
1343997	7.0
1343998	3.0
1343999	2.0
1344000	1.0
1344001	0.0
1344953	21.0
1345722	18.0
1345723	14.0
1345724	7.0
1345725	3.0
1345726	2.0
1345727	1.0
1345728	0.0
1347632	21.0
1349377	18.0
1349378	14.0
1349379	7.0
1349380	3.0
1349381	2.0
1349382	1.0
1349383	0.0
1350352	21.0
1360245	18.0
1360246	14.0
1360247	7.0
1360248	3.0
1360249	2.0
1360250	1.0
1360251	0.0
1360266	21.0
1360275	18.0
1360276	14.0
1360277	7.0
1360278	3.0
1360279	2.0
1360280	1.0
1360281	0.0
1362958	21.0
1365451	18.0
1365452	14.0
1365453	7.0
1365454	3.0
1365455	2.0
1365456	1.0
1365457	0.0
1366728	21.0
1367312	18.0
1367313	14.0
1367314	7.0
1367315	3.0
1367316	2.0
1367317	1.0
1367318	0.0
1371401	21.0
1398137	18.0
1398138	14.0
1398139	7.0
1398140	3.0
1398141	2.0
1398142	1.0
1398143	0.0
1398376	21.0
1398385	18.0
1398386	14.0
1398387	7.0
1398388	3.0
1398389	2.0
1398390	1.0
1398391	0.0
1398540	21.0
1403373	18.0
1403374	14.0
1403375	7.0
1403376	3.0
1403377	2.0
1403378	1.0
1403379	0.0
1404150	21.0
1409508	18.0
1409509	14.0
1409510	7.0
1409511	3.0
1409512	2.0
1409513	1.0
1409514	0.0
1409864	21.0
1410142	18.0
1410143	14.0
1410144	7.0
1410145	3.0
1410146	2.0
1410147	1.0
1410148	0.0
1411588	21.0
1412411	18.0
1412412	14.0
1412413	7.0
1412414	3.0
1412415	2.0
1412416	1.0
1412417	0.0
1413137	21.0
1413147	18.0
1413148	14.0
1413149	7.0
1413150	3.0
1413151	2.0
1413152	1.0
1413153	0.0
1413218	21.0
1413228	18.0
1413229	14.0
1413230	7.0
1413231	3.0
1413232	2.0
1413233	1.0
1413234	0.0
1413338	21.0
1414056	18.0
1414057	14.0
1414058	7.0
1414059	3.0
1414060	2.0
1414061	1.0
1414062	0.0
1414267	21.0
1415910	18.0
1415911	14.0
1415912	7.0
1415913	3.0
1415914	2.0
1415915	1.0
1415916	0.0
1415992	21.0
1416849	18.0
1416850	14.0
1416851	21.0
1417705	18.0
1417706	14.0
1417707	7.0
1417708	3.0
1417709	2.0
1417710	1.0
1417711	0.0
1417868	21.0
1418552	18.0
1418553	14.0
1418554	7.0
1418555	3.0
1418556	2.0
1418557	1.0
1418558	0.0
1418760	21.0
1419589	18.0
1419590	14.0
1419591	7.0
1419592	3.0
1419593	2.0
1419594	1.0
1419595	0.0
1419752	21.0
1419762	18.0
1419763	14.0
1419764	7.0
1419765	3.0
1419766	2.0
1419767	1.0
1419768	0.0
1419787	21.0
1420361	18.0
1420362	14.0
1420363	7.0
1420364	3.0
1420365	2.0
1420366	1.0
1420367	0.0
1423087	21.0
1423097	18.0
1423098	14.0
1423099	7.0
1423100	3.0
1423101	2.0
1423102	1.0
1423103	0.0
1423123	21.0
1423133	18.0
1423134	14.0
1423135	7.0
1423136	3.0
1423137	2.0
1423138	1.0
1423139	0.0
1423347	21.0
1423947	18.0
1423948	14.0
1423949	7.0
1423950	3.0
1423951	2.0
1423952	1.0
1423953	0.0
1425790	21.0
1425799	18.0
1425800	14.0
1425801	7.0
1425802	3.0
1425803	2.0
1425804	1.0
1425805	0.0
1426008	21.0
1426686	18.0
1426687	14.0
1426688	7.0
1426689	3.0
1426690	2.0
1426691	1.0
1426692	0.0
1427040	21.0
1427632	18.0
1427633	14.0
1427634	7.0
1427635	3.0
1427636	2.0
1427637	1.0
1427638	0.0
1427896	21.0
1428447	18.0
1428448	14.0
1428449	7.0
1428450	3.0
1428451	2.0
1428452	1.0
1428453	0.0
1429549	21.0
1429558	18.0
1429559	14.0
1429560	7.0
1429561	3.0
1429562	2.0
1429563	1.0
1429564	0.0
1429668	21.0
1430058	18.0
1430059	14.0
1430060	7.0
1430061	3.0
1430062	2.0
1430063	1.0
1430064	0.0
1430170	21.0
1430179	18.0
1430180	14.0
1430181	7.0
1430182	3.0
1430183	2.0
1430184	1.0
1430185	0.0
1430259	21.0
1430268	18.0
1430269	14.0
1430270	7.0
1430271	3.0
1430272	2.0
1430273	1.0
1430274	0.0
1431389	21.0
1432134	18.0
1432135	14.0
1432136	7.0
1432137	3.0
1432138	2.0
1432139	1.0
1432140	0.0
1433186	21.0
1433870	18.0
1433871	14.0
1433872	7.0
1433873	3.0
1433874	2.0
1433875	1.0
1433876	0.0
1434266	21.0
1434766	18.0
1434767	14.0
1434768	7.0
1434769	3.0
1434770	2.0
1434771	1.0
1434772	0.0
1434989	21.0
1435014	18.0
1435015	14.0
1435016	7.0
1435017	3.0
1435018	2.0
1435019	1.0
1435020	0.0
1435190	21.0
1436478	18.0
1436479	14.0
1436480	7.0
1436481	3.0
1436482	2.0
1436483	1.0
1436484	0.0
1437667	21.0
1443872	18.0
1443873	14.0
1443874	7.0
1443875	3.0
1443876	2.0
1443877	1.0
1443878	0.0
1490522	25.0
1490531	23.0
1490532	20.0
1490533	16.0
1490534	8.0
1490535	4.0
1490536	3.0
1490537	1.0
1490538	0.0
1490992	25.0
1495048	23.0
1495049	20.0
1495050	16.0
1495051	8.0
1495052	4.0
1495053	3.0
1495054	1.0
1495055	0.0
1495658	25.0
1497901	23.0
1497902	20.0
1497903	16.0
1497904	8.0
1497905	4.0
1497906	3.0
1497907	1.0
1497908	0.0
1500641	25.0
1522291	23.0
1522292	20.0
1522293	16.0
1522294	8.0
1522295	4.0
1522296	3.0
1522297	1.0
1522298	0.0
1530381	25.0
1532647	23.0
1532648	22.0
1532649	18.0
1532650	8.0
1532651	4.0
1532652	3.0
1532653	1.0
1532654	0.0
1532727	25.0
1533802	23.0
1533803	20.0
1533804	16.0
1533805	8.0
1533806	4.0
1533807	3.0
1533808	1.0
1533809	0.0
1534036	25.0
1534209	23.0
1534210	20.0
1534211	16.0
1534212	8.0
1534213	4.0
1534214	2.0
1534215	1.0
1534216	0.0
1535941	25.0
1536635	23.0
1536636	20.0
1536637	16.0
1536638	8.0
1536639	4.0
1536640	2.0
1536641	1.0
1536642	0.0
1536831	25.0
1536840	23.0
1536841	20.0
1536842	16.0
1536843	8.0
1536844	4.0
1536845	2.0
1536846	1.0
1536847	0.0
1536869	25.0
1537408	23.0
1537409	20.0
1537410	16.0
1537411	8.0
1537412	4.0
1537413	2.0
1537414	1.0
1537415	0.0
1537467	25.0
1537534	23.0
1537535	20.0
1537536	16.0
1537537	8.0
1537538	4.0
1537539	2.0
1537540	1.0
1537541	0.0
1537706	25.0
1547202	24.0
1547203	23.0
1547642	25.0
1548283	24.0
1548284	23.0
1548372	25.0
1550091	23.0
1550092	20.0
1550093	16.0
1550094	8.0
1550095	3.0
1550096	1.0
1550097	0.0
1550145	2.0
1550681	25.0
1550689	25.0
1550690	23.0
1550691	20.0
1550692	16.0
1550693	8.0
1550694	4.0
1550695	3.0
1550696	2.0
1550808	1.0
1550809	0.0
1551607	2.0
1551638	25.0
1552645	23.0
1552646	20.0
1552647	16.0
1552648	8.0
1552649	4.0
1552650	3.0
1552651	1.0
1552652	0.0
1553359	25.0
1553369	23.0
1553370	20.0
1553371	16.0
1553372	8.0
1553373	4.0
1553374	3.0
1553375	1.0
1553376	0.0
1553383	25.0
1553392	23.0
1553393	20.0
1553394	16.0
1553395	8.0
1553396	3.0
1553397	1.0
1553398	0.0
1553888	23.0
1553897	20.0
1553898	18.0
1553899	14.0
1553900	6.0
1553901	2.0
1553902	1.0
1553903	0.0
1554236	2.0
1554251	1.0
1554252	0.0
1554284	2.0
1554429	25.0
1554711	22.0
1554712	20.0
1554713	16.0
1554714	8.0
1554715	3.0
1554716	1.0
1554717	0.0
1554953	25.0
1555327	22.0
1555328	20.0
1555329	16.0
1555330	8.0
1555331	4.0
1555332	3.0
1555333	1.0
1555334	0.0
1555966	2.0
1555980	1.0
1555981	0.0
1556084	2.0
1556098	1.0
1556099	0.0
1556886	25.0
1556896	22.0
1556897	20.0
1556898	16.0
1556899	8.0
1556900	3.0
1556901	1.0
1556902	0.0
1557065	25.0
1557074	22.0
1557075	20.0
1557076	16.0
1557077	8.0
1557078	4.0
1557079	3.0
1557080	1.0
1557081	0.0
1557141	25.0
1560044	22.0
1560045	20.0
1560046	16.0
1560047	8.0
1560048	4.0
1560049	3.0
1560050	2.0
1573467	1.0
1573468	0.0
1660437	1.0
1660452	0.0
1660863	1.0
1660879	0.0
1661190	1.0
1661206	0.0
1661571	1.0
1661586	0.0
1661953	1.0
1662942	0.0
1664902	1.0
1672289	0.0
1674836	1.0
1676595	0.0
1677537	1.0
1680069	0.0
1684577	1.0
1693606	0.0
1694472	1.0
1694488	0.0
1694513	1.0
1694529	0.0
2177482	1.0
2178258	0.0
2179537	1.0
2180185	0.0
2180838	1.0
2180853	0.0
2183951	1.0
2184534	0.0
2185589	1.0
2190198	0.0
2191349	1.0
2191364	0.0
2191508	1.0
2192472	0.0
2193999	1.0
2194014	0.0
2194640	1.0
2194655	0.0
2194774	1.0
2198999	0.0
2202597	1.0
2202612	0.0
2204549	1.0
2205169	0.0
2205469	1.0
2222756	3.0
2223758	2.0
2223759	1.0
2224932	3.0
2225627	2.0
2225628	1.0
2225848	3.0
2225855	3.0
2225861	2.0
2225862	1.0
2226081	3.0
2232152	2.0
2232153	1.0
2244086	3.0
2244470	2.0
2244471	1.0
2244691	3.0
2263865	2.0
2263866	1.0
2263867	0.0
2264648	3.0
2264661	2.0
2264662	1.0
2264663	0.0
2266065	3.0
2266079	2.0
2266080	1.0
2266081	0.0
2266391	3.0
2266404	2.0
2266405	1.0
2266406	0.0
2266453	3.0
2267278	2.0
2267279	1.0
2267280	0.0
2268948	3.0
2271845	2.0
2271846	1.0
2271847	0.0
2272174	3.0
2272698	2.0
2272699	1.0
2272700	0.0
2274336	3.0
2275423	2.0
2275424	1.0
2275425	0.0
2275910	3.0
2276397	2.0
2276398	1.0
2276399	0.0
2277371	3.0
2277384	2.0
2277385	1.0
2277386	0.0
2277812	3.0
2278194	2.0
2278195	1.0
2278196	0.0
2279015	3.0
2279028	2.0
2279029	1.0
2279030	0.0
2279916	3.0
2279930	2.0
2279931	1.0
2279932	0.0
2280367	3.0
2280778	2.0
2280779	1.0
2280780	0.0
2281178	3.0
2281192	2.0
2281193	1.0
2281194	0.0
2282167	3.0
2282772	2.0
2282773	1.0
2282774	0.0
2282804	3.0
2283643	2.0
2283644	1.0
2283645	0.0
2284322	3.0
2287099	2.0
2287100	1.0
2287101	0.0
2290005	3.0
2290724	2.0
2290725	1.0
2290726	0.0
2292417	3.0
2292555	2.0
2292556	1.0
2292557	0.0
2293445	3.0
2293458	2.0
2293459	1.0
2293460	0.0
2293469	3.0
2293483	2.0
2293484	1.0
2293485	0.0
2293569	3.0
2293582	2.0
2293583	1.0
2293584	0.0
2295969	3.0
2296139	2.0
2296140	1.0
2296141	0.0
2349047	3.0
2350238	2.0
2350239	1.0
2350240	0.0
2350747	3.0
2351997	2.0
2351998	1.0
2351999	0.0
2352595	3.0
2352947	2.0
2352948	1.0
2352949	0.0
2353089	3.0
2355567	2.0
2355568	1.0
2355569	0.0
2358426	3.0
2360081	2.0
2360082	1.0
2360083	0.0
2360088	3.0
2360101	2.0
2360102	1.0
2360103	0.0
2360620	3.0
2360633	2.0
2360634	1.0
2360635	0.0
2360789	3.0
2361011	2.0
2361012	1.0
2361013	0.0
2362749	3.0
2362762	2.0
2362763	1.0
2362764	0.0
2362952	3.0
2364454	2.0
2364455	1.0
2364456	0.0
2369262	3.0
2374675	2.0
2374676	1.0
2374677	0.0
2374741	3.0
2375041	2.0
2375042	1.0
2375043	0.0
2375161	3.0
2375174	2.0
2375175	1.0
2375176	0.0
2376463	3.0
2377312	2.0
2377313	1.0
2377314	0.0
2380063	3.0
2384532	2.0
2384533	1.0
2384534	0.0
2528214	3.0
2528271	2.0
2528272	1.0
2528273	0.0
2528639	3.0
2532652	2.0
2532653	1.0
2532654	0.0
2533054	3.0
2533731	2.0
2533732	1.0
2533733	0.0
2533973	3.0
2534650	2.0
2534651	1.0
2534652	0.0
2534717	3.0
2534730	2.0
2534731	1.0
2534732	0.0
2534978	3.0
2535539	2.0
2535540	1.0
2535541	0.0
2535783	3.0
2536400	2.0
2536401	1.0
2536402	0.0
2536697	3.0
2537302	2.0
2537303	1.0
2537304	0.0
2538416	3.0
2541077	2.0
2541078	1.0
2541079	0.0
2541290	3.0
2541985	2.0
2541986	1.0
2541987	0.0
2544736	3.0
2549057	2.0
2549058	1.0
2549059	0.0
2550137	3.0
2551003	2.0
2551004	1.0
2551005	0.0
2551053	3.0
2551745	2.0
2551746	1.0
2551747	0.0
2551973	3.0
2552651	2.0
2552652	1.0
2552653	0.0
2552899	3.0
2553485	2.0
2553486	1.0
2553487	0.0
2553782	3.0
2554432	2.0
2554433	1.0
2554434	0.0
2556457	3.0
2557156	2.0
2557157	1.0
2557158	0.0
2559656	3.0
2559879	2.0
2559880	1.0
2559881	0.0
2560086	3.0
2560739	2.0
2560740	1.0
2560741	0.0
2564897	3.0
2566161	2.0
2566162	1.0
2566163	0.0
2566861	3.0
2566875	2.0
2566876	1.0
2566877	0.0
2566985	3.0
2570574	2.0
2570575	1.0
2570576	0.0
2573020	3.0
2573476	2.0
2573477	1.0
2573478	0.0
2573855	3.0
2574384	2.0
2574385	1.0
2574386	0.0
2575509	3.0
2576365	2.0
2576366	1.0
2576367	0.0
2581344	3.0
2583969	2.0
2583970	1.0
2583971	0.0
2584097	3.0
2584111	2.0
2584112	1.0
2584113	0.0
2584144	3.0
2584158	2.0
2584159	1.0
2584160	0.0
2584407	3.0
2584547	2.0
2584548	1.0
2584549	3.0
2586386	2.0
2586387	1.0
2586388	0.0
2587268	3.0
2587282	2.0
2587283	1.0
2587284	0.0
2588984	3.0
2589918	2.0
2589919	1.0
2589920	0.0
2591022	3.0
2591036	2.0
2591037	1.0
2591038	0.0
2591314	3.0
2591327	2.0
2591328	1.0
2591329	0.0
2765291	3.0
2765848	2.0
2765849	1.0
2765850	0.0
2868029	1.0
2868541	0.0
2868704	1.0
2869192	0.0
2869441	1.0
2869456	0.0
2869590	1.0
2870061	0.0
2871218	1.0
2885289	0.0
2885595	1.0
2885610	0.0
2885745	1.0
2886038	0.0
2886503	1.0
2886518	0.0
2886629	1.0
2886645	0.0
2886768	1.0
2886783	0.0
2886905	1.0
2890962	0.0
2891082	1.0
2891097	0.0
2891245	1.0
2891261	0.0
2891396	1.0
2891411	0.0
2891903	1.0
2893890	0.0
2894001	1.0
2894016	0.0
2894260	1.0
2894539	0.0
2894661	1.0
2894676	0.0
2894807	1.0
2896874	0.0
2897028	1.0
2897043	0.0
2897270	1.0
2897285	0.0
2897773	1.0
2937911	0.0
