4035968	17.0
4035978	16.0
4035979	13.0
4035980	12.0
4035981	10.0
4035982	6.0
4035983	1.0
4035984	0.0
4643176	9.0
4643188	8.0
4643189	4.0
4643190	3.0
4643191	1.0
4643192	0.0
4643238	9.0
4643250	8.0
4643251	4.0
4643252	3.0
4643253	1.0
4643254	0.0
4643313	9.0
4643324	7.0
4643325	5.0
4643326	3.0
4643327	1.0
4643328	0.0
4643401	14.0
4643500	11.0
4643501	7.0
4643502	4.0
4643503	1.0
4643504	0.0
4643553	14.0
4643721	15.0
4644164	13.0
4644165	10.0
4644166	6.0
4644167	3.0
4644168	1.0
4644169	0.0
4644233	15.0
4644245	13.0
4644246	8.0
4644247	4.0
4644248	1.0
4644249	0.0
4644273	15.0
4644319	13.0
4644320	8.0
4644321	5.0
4644322	1.0
4644323	0.0
4644499	15.0
4644575	12.0
4644576	8.0
4644577	5.0
4644578	1.0
4644579	0.0
4644668	15.0
4644680	13.0
4644681	10.0
4644682	6.0
4644683	1.0
4644684	0.0
4644716	15.0
4644794	13.0
4644795	8.0
4644796	5.0
4644797	1.0
4644798	0.0
4644987	15.0
4644998	14.0
4644999	12.0
4645000	7.0
4645001	3.0
4645002	15.0
4645013	13.0
4645014	8.0
4645015	4.0
4645016	1.0
4645017	0.0
4645107	15.0
4645118	14.0
4645119	13.0
4645120	9.0
4645121	4.0
4645122	1.0
4645123	0.0
4654125	16.0
4654221	15.0
4654387	13.0
4654388	9.0
4654389	4.0
4654390	1.0
4654391	0.0
5265785	6.0
5265870	5.0
5266220	1.0
5266221	0.0
