844978	3.0
844991	2.0
844992	1.0
844993	0.0
844997	3.0
845020	2.0
845021	1.0
845022	0.0
845151	3.0
845164	2.0
845165	1.0
845166	3.0
852975	2.0
852976	1.0
852977	0.0
924126	3.0
934636	4.0
934652	3.0
936975	2.0
936976	1.0
936977	0.0
1450743	23.0
1452204	22.0
1452465	21.0
1452716	22.0
1453514	23.0
1454312	22.0
1454632	23.0
1454642	22.0
1454835	23.0
1455178	22.0
1455633	23.0
1455644	22.0
1464201	23.0
1464239	22.0
1464310	23.0
1464321	22.0
1464654	23.0
1464677	22.0
1464688	23.0
1464699	22.0
1464950	23.0
1464960	22.0
1465311	23.0
1465835	22.0
1466003	23.0
1468346	22.0
1468669	23.0
1468965	22.0
1468979	23.0
1468990	22.0
1469123	23.0
1469358	22.0
1469374	23.0
1473490	24.0
1474066	23.0
1474175	24.0
1490526	25.0
1490538	24.0
1490996	25.0
1495055	24.0
1495662	25.0
1497908	24.0
1500645	25.0
1522298	24.0
1530385	25.0
1532654	24.0
1532731	25.0
1533809	24.0
1534040	25.0
1534216	24.0
1535945	25.0
1536642	24.0
1536835	25.0
1536847	24.0
1536873	25.0
1537415	24.0
1537471	25.0
1537541	24.0
1537710	25.0
1547202	24.0
1547203	23.0
1547644	25.0
1547656	25.0
1548283	24.0
1548284	23.0
1548374	25.0
1550097	24.0
1550126	23.0
1550127	22.0
1550683	25.0
1550695	23.0
1550696	22.0
1550916	24.0
1550928	23.0
1550929	22.0
1551640	25.0
1552652	24.0
1553363	25.0
1553376	24.0
1553386	25.0
1553398	24.0
1553606	23.0
1553607	22.0
1553666	24.0
1553678	23.0
1553679	22.0
1553891	23.0
1553903	22.0
1554431	25.0
1554717	24.0
1554957	25.0
1555334	24.0
1555601	23.0
1555602	22.0
1556229	24.0
1556241	23.0
1556242	22.0
1556804	24.0
1556889	25.0
1556902	24.0
1557069	25.0
1557081	24.0
1557145	25.0
1560049	23.0
1560050	22.0
1629814	23.0
1637679	24.0
1637690	23.0
1637798	24.0
1638221	23.0
1638268	24.0
1638390	23.0
1638842	24.0
1640078	20.0
1640079	19.0
1648591	18.0
1649385	19.0
1651162	18.0
1651174	19.0
1651651	18.0
1651776	19.0
1652235	18.0
1654372	17.0
1721614	18.0
1721625	17.0
1721632	18.0
1721643	17.0
1721657	18.0
1721668	17.0
1721695	18.0
1721709	17.0
1721845	18.0
1723820	17.0
2061770	22.0
2061888	22.0
2061899	20.0
2061900	18.0
2061901	17.0
2063869	21.0
2063880	19.0
2063881	18.0
2063882	17.0
2066691	21.0
2066703	18.0
2066704	17.0
2066942	21.0
2067422	18.0
2067423	21.0
2067435	18.0
2067436	17.0
2067500	21.0
2067512	18.0
2067513	17.0
2067942	21.0
2068326	18.0
2068327	17.0
2068496	21.0
2072068	18.0
2072069	17.0
2130712	18.0
2136955	22.0
2137181	20.0
2137182	19.0
2137183	18.0
2216220	19.0
2216235	18.0
2230118	19.0
2230129	18.0
2230939	19.0
2231812	20.0
2233125	19.0
2233627	20.0
2233641	19.0
2233663	20.0
2233675	19.0
2233716	20.0
2234045	21.0
2236625	20.0
2237263	19.0
2237926	23.0
2237938	20.0
2237939	19.0
2238160	23.0
2238277	24.0
2238289	23.0
2238293	24.0
2238664	23.0
2238781	24.0
2239339	25.0
2239353	24.0
2240660	25.0
2241749	24.0
2241750	23.0
2241833	25.0
2241897	24.0
2241898	23.0
2241951	25.0
2242133	24.0
2242162	23.0
2242163	22.0
2242203	24.0
2242316	25.0
2242326	24.0
2242449	25.0
2242611	24.0
2242680	25.0
2242692	24.0
2242706	25.0
2242718	24.0
2242728	25.0
2244661	26.0
2245773	25.0
2247792	24.0
2247958	25.0
2247970	24.0
2248398	25.0
2248409	24.0
2248422	25.0
2248435	24.0
2251900	23.0
2257954	22.0
2317953	24.0
2318812	25.0
2318823	24.0
2318886	25.0
2319069	24.0
2319096	23.0
2319117	24.0
2319162	25.0
2319174	24.0
2319180	25.0
2319242	24.0
2319270	23.0
2319285	24.0
2319296	23.0
2321113	22.0
2321832	23.0
2321844	22.0
2322542	23.0
2322581	24.0
2322593	24.0
2322606	23.0
2322618	24.0
2322631	23.0
2322689	24.0
2322690	25.0
2322761	24.0
2323282	25.0
2323294	24.0
2323806	25.0
2323852	24.0
2329916	25.0
2329921	25.0
2329927	23.0
2329928	22.0
2333835	23.0
2334049	22.0
2676855	21.0
2677504	22.0
2677707	21.0
2735445	22.0
2735460	23.0
2735676	22.0
2735677	21.0
2735688	23.0
2735702	22.0
2735703	21.0
2736226	23.0
2736717	22.0
2736718	21.0
2754451	20.0
2754524	21.0
2754581	20.0
2821936	21.0
2821949	20.0
2821962	21.0
2821975	20.0
2821989	21.0
2822002	20.0
2822016	21.0
2822029	20.0
2822043	21.0
2822056	20.0
2822070	21.0
2824722	20.0
2824936	21.0
2825633	20.0
2827433	21.0
2827446	20.0
2828039	21.0
2828043	22.0
2828055	21.0
2828069	22.0
2828095	21.0
2828096	20.0
2829204	19.0
2829205	18.0
2829234	20.0
2830066	19.0
2830067	18.0
2830429	20.0
2830434	20.0
2830440	19.0
2830441	18.0
2830558	20.0
2830903	19.0
2830904	18.0
2835699	22.0
2835767	21.0
2835768	20.0
2835769	19.0
2835770	18.0
2837108	17.0
2848718	16.0
2850319	17.0
2850345	16.0
2850530	17.0
2850546	16.0
2916358	17.0
2916450	16.0
2923747	17.0
2923759	16.0
2923863	15.0
2923869	16.0
2923896	17.0
2923907	16.0
2924203	15.0
2925646	16.0
2925658	15.0
2925967	16.0
2925978	15.0
2926444	16.0
2929304	17.0
2929626	16.0
2929738	17.0
2931024	16.0
2931694	17.0
2932347	18.0
2932855	17.0
2993379	18.0
2993397	17.0
2993766	18.0
2993780	17.0
2993841	18.0
2995235	17.0
2995739	18.0
2996983	17.0
2997657	18.0
2997671	17.0
3115911	18.0
3117081	17.0
3118081	18.0
3118250	17.0
3118814	18.0
3119150	17.0
3259998	19.0
3260476	18.0
3260477	17.0
3261652	16.0
3262575	17.0
3263157	16.0
3263371	17.0
3263387	16.0
3263647	17.0
3263824	16.0
3264235	17.0
3352453	18.0
3352469	17.0
3357003	18.0
3357017	17.0
3357317	18.0
3357863	17.0
3432756	16.0
3435920	17.0
3440282	18.0
3440779	17.0
3440817	18.0
3440835	17.0
3440877	18.0
3440889	19.0
3440902	19.0
3440922	20.0
3441061	22.0
3441066	22.0
3441072	21.0
3441073	20.0
3441102	19.0
3441152	18.0
3441266	19.0
3441279	18.0
3442525	17.0
3442568	18.0
3442581	17.0
3442682	18.0
3442984	20.0
3443562	19.0
3443563	18.0
3444434	19.0
3444446	18.0
3444456	19.0
3444468	18.0
3444483	19.0
3444495	18.0
3444497	19.0
3444505	20.0
3444508	19.0
3444509	18.0
3444518	17.0
3444616	18.0
3444630	17.0
3444653	19.0
3444665	18.0
3444666	17.0
3444741	18.0
3445441	20.0
3445601	19.0
3445602	18.0
3445884	20.0
3446147	19.0
3446435	20.0
3446587	21.0
3446608	19.0
3446609	18.0
3446639	21.0
3446746	20.0
3446747	19.0
3446748	18.0
3446790	19.0
3446800	18.0
3446919	17.0
3447077	18.0
3447087	17.0
3447165	18.0
3447484	20.0
3447496	19.0
3447497	18.0
3447564	20.0
3447954	19.0
3447955	18.0
3447976	20.0
3448333	19.0
3448420	20.0
3449273	19.0
3449392	20.0
3451062	19.0
3451064	18.0
3451065	16.0
3451066	13.0
3451067	12.0
3451085	20.0
3451088	20.0
3451090	19.0
3451092	18.0
3451093	16.0
3451094	13.0
3451095	12.0
3451153	20.0
3451158	19.0
3451160	18.0
3451161	16.0
3451162	13.0
3451163	12.0
3451241	20.0
3451648	18.0
3451649	17.0
3451650	15.0
3451651	13.0
3451652	12.0
3451655	20.0
3451896	21.0
3452022	20.0
3452249	19.0
3452325	18.0
3452443	17.0
3452498	18.0
3452552	17.0
3452553	16.0
3452554	14.0
3452555	12.0
3452556	11.0
3452568	18.0
3452575	18.0
3452578	17.0
3452579	16.0
3452580	14.0
3452581	12.0
3452582	11.0
3452618	12.0
3452628	11.0
3452643	18.0
3452656	19.0
3452699	18.0
3452701	17.0
3452702	15.0
3452703	12.0
3452704	10.0
3452705	9.0
3452714	19.0
3452718	19.0
3452720	18.0
3452722	17.0
3452723	14.0
3452724	10.0
3452725	9.0
3452761	10.0
3452768	20.0
3452772	19.0
3452773	19.0
3452774	18.0
3452776	17.0
3452777	15.0
3452778	19.0
3452861	20.0
3452873	19.0
3452998	17.0
3452999	16.0
3453000	14.0
3453001	12.0
3453002	11.0
3453026	10.0
3453027	9.0
3453084	19.0
3453088	20.0
3453261	19.0
3453262	18.0
3453334	20.0
3453338	20.0
3453344	19.0
3453345	18.0
3453347	17.0
3453998	16.0
3453999	15.0
3454000	13.0
3454001	12.0
3454002	11.0
3454266	17.0
3454270	17.0
3454274	16.0
3454275	15.0
3454276	12.0
3454277	11.0
3454616	17.0
3455912	16.0
3455913	15.0
3455914	13.0
3455915	12.0
3455916	11.0
3456042	17.0
3456667	16.0
3456668	15.0
3456669	13.0
3456670	12.0
3456671	11.0
3456679	17.0
3456689	16.0
3456690	15.0
3456691	13.0
3456692	12.0
3456693	11.0
3456727	17.0
3456737	16.0
3456738	15.0
3456739	13.0
3456740	12.0
3456741	11.0
3457257	17.0
3457600	16.0
3457776	17.0
3457786	16.0
3457791	15.0
3457792	13.0
3457793	12.0
3457794	11.0
3458528	16.0
3511446	17.0
3511461	16.0
3527639	17.0
3528076	16.0
4035970	17.0
4035984	16.0
4038488	17.0
4038509	16.0
4048714	17.0
4049078	16.0
4059058	15.0
4059059	14.0
4059063	16.0
4059076	15.0
4059077	14.0
4059120	15.0
4059328	16.0
4059501	15.0
4059640	14.0
4059977	15.0
4060516	14.0
4060747	15.0
4061088	16.0
4062051	15.0
4062052	14.0
4062157	16.0
4063257	15.0
4063258	14.0
4063534	16.0
4065061	15.0
4066376	14.0
4066414	15.0
4066428	14.0
4124680	15.0
4125278	14.0
4132218	15.0
4132346	14.0
4133898	15.0
4133966	14.0
4134526	15.0
4135733	14.0
4135821	15.0
4135832	14.0
4135842	15.0
4135853	14.0
4470339	13.0
4470340	10.0
4470341	8.0
4470342	4.0
4470343	2.0
4470344	1.0
4471114	14.0
4472597	13.0
4472598	10.0
4472599	8.0
4472600	4.0
4472601	2.0
4472602	1.0
4473130	14.0
4473360	13.0
4473361	10.0
4473362	8.0
4473363	4.0
4473364	2.0
4473365	1.0
4473966	14.0
4473977	13.0
4473978	10.0
4473979	8.0
4473980	4.0
4473981	2.0
4473982	1.0
4474089	14.0
4474099	13.0
4474100	10.0
4474101	8.0
4474102	4.0
4474103	2.0
4474104	1.0
4476596	14.0
4476851	13.0
4476852	10.0
4476853	8.0
4476854	4.0
4476855	2.0
4476856	1.0
4477172	0.0
