2231809	20.0
2233121	16.0
2233122	9.0
2233123	4.0
2233124	1.0
2233125	0.0
2233659	20.0
2233671	16.0
2233672	8.0
2233673	3.0
2233674	1.0
2233675	0.0
2233713	20.0
2234046	21.0
2236621	19.0
2236622	12.0
2236623	3.0
2236624	1.0
2236625	0.0
2239337	25.0
2239349	24.0
2239350	15.0
2239351	6.0
2239352	1.0
2239353	0.0
2993377	18.0
2993391	17.0
2993392	13.0
2993393	10.0
2993394	6.0
2993395	3.0
2993396	1.0
2993397	0.0
2993764	18.0
2993774	17.0
2993775	13.0
2993776	10.0
2993777	6.0
2993778	3.0
2993779	1.0
2993780	0.0
2993839	18.0
2995229	17.0
2995230	13.0
2995231	10.0
2995232	6.0
2995233	3.0
2995234	1.0
2995235	0.0
4808418	1.0
4808552	0.0
4808574	1.0
4808590	0.0
5267073	4.0
5268862	3.0
5268946	2.0
5268968	3.0
5268983	2.0
5268984	0.0
5269058	2.0
5269072	1.0
5269073	0.0
