232805	1.0
233319	0.0
236788	2.0
237088	1.0
237089	0.0
237250	1.0
237329	0.0
237365	1.0
289217	0.0
320970	1.0
321014	0.0
333719	3.0
334117	1.0
334118	0.0
341327	1.0
341345	0.0
341415	1.0
347939	2.0
351963	1.0
405239	0.0
429819	1.0
430749	0.0
491385	1.0
491400	0.0
491506	1.0
492329	0.0
500541	1.0
500565	0.0
500626	1.0
500641	0.0
501413	1.0
501428	0.0
501944	1.0
501959	0.0
502368	1.0
505566	2.0
506116	1.0
506124	2.0
506145	1.0
506935	2.0
507158	3.0
508388	2.0
508399	3.0
508420	2.0
509983	3.0
509998	2.0
510136	3.0
510151	2.0
510336	3.0
510351	2.0
510659	5.0
510665	5.0
510670	4.0
510671	3.0
510672	2.0
510687	5.0
510693	5.0
510698	4.0
510699	3.0
510700	2.0
510709	5.0
510715	5.0
510720	4.0
510721	3.0
510722	2.0
510732	5.0
510738	5.0
510743	4.0
510744	3.0
510745	2.0
510754	5.0
510760	5.0
510765	4.0
510766	3.0
510767	2.0
510776	5.0
510787	6.0
510802	5.0
510803	6.0
510818	5.0
511046	6.0
512936	5.0
514185	4.0
514186	3.0
514187	2.0
514188	1.0
844979	2.0
844993	1.0
844998	2.0
845022	1.0
845152	2.0
845166	1.0
845167	2.0
852977	1.0
854443	2.0
857302	1.0
924127	2.0
934638	3.0
934652	2.0
936977	1.0
952795	2.0
953340	1.0
1024919	8.0
1025123	9.0
1025515	8.0
1026128	9.0
1026272	10.0
1026632	9.0
1026664	10.0
1026677	9.0
1026702	10.0
1027150	11.0
1028125	12.0
1028146	11.0
1028208	12.0
1029789	11.0
1029825	12.0
1029837	11.0
1029957	12.0
1031251	11.0
1031399	12.0
1031411	11.0
1032073	13.0
1032077	15.0
1032080	18.0
1032284	17.0
1032311	18.0
1032406	17.0
1032407	16.0
1032408	12.0
1032409	11.0
1032482	12.0
1032495	11.0
1032987	18.0
1032992	18.0
1032996	17.0
1032997	16.0
1032998	12.0
1032999	11.0
1033144	18.0
1033273	17.0
1033274	14.0
1033275	12.0
1033276	11.0
1033385	18.0
1033390	18.0
1033394	17.0
1033395	15.0
1033396	12.0
1033397	11.0
1033501	18.0
1036395	19.0
1036407	18.0
1036412	19.0
1036429	18.0
1036453	19.0
1036610	18.0
1039526	22.0
1040174	21.0
1040175	20.0
1040176	19.0
1040177	18.0
1040405	22.0
1042218	21.0
1042219	20.0
1042220	19.0
1042221	18.0
1042253	22.0
1042265	21.0
1042266	20.0
1042267	19.0
1042268	18.0
1042368	22.0
1042984	21.0
1042985	20.0
1042986	22.0
1042991	22.0
1042995	21.0
1042996	20.0
1042997	19.0
1042998	18.0
1043098	22.0
1045526	21.0
1045527	20.0
1045528	19.0
1045529	18.0
1045649	22.0
1046431	21.0
1046432	20.0
1046433	19.0
1046434	18.0
1046556	22.0
1046566	21.0
1046567	20.0
1046568	19.0
1046569	18.0
1046645	22.0
1046655	21.0
1046656	20.0
1046657	19.0
1046658	18.0
1046774	22.0
1046779	22.0
1046783	21.0
1046784	20.0
1046785	19.0
1046786	18.0
1046921	22.0
1046926	22.0
1046930	21.0
1046931	20.0
1046932	19.0
1046933	18.0
1047152	22.0
1047157	22.0
1047161	21.0
1047162	20.0
1047163	19.0
1047164	18.0
1047263	22.0
1047268	22.0
1047272	21.0
1047273	20.0
1047274	19.0
1047275	18.0
1047309	22.0
1047319	21.0
1047320	20.0
1047321	19.0
1047322	18.0
1047482	22.0
1053437	21.0
1106218	20.0
1106219	19.0
1106851	21.0
1109096	21.0
1110625	22.0
1110649	21.0
1110666	22.0
1110677	21.0
1110693	22.0
1111292	23.0
1111307	22.0
1111510	23.0
1112009	22.0
1112135	20.0
1112136	19.0
1112219	20.0
1112234	19.0
1112280	22.0
1112409	23.0
1112423	22.0
1112487	23.0
1112909	22.0
1113125	23.0
1113779	22.0
1116092	20.0
1116093	19.0
1116154	22.0
1116167	20.0
1116168	19.0
1116218	22.0
1120353	23.0
1120460	22.0
1121008	21.0
1121009	20.0
1121010	19.0
1121062	22.0
1121624	20.0
1121625	19.0
1121739	22.0
1122080	21.0
1122081	20.0
1122082	19.0
1123014	22.0
1123403	20.0
1123404	19.0
1123589	18.0
1123909	21.0
1124157	19.0
1124158	18.0
1126348	21.0
1126352	21.0
1126358	19.0
1126359	18.0
1127281	21.0
1127285	21.0
1127291	19.0
1127292	18.0
1128590	21.0
1129054	19.0
1129055	18.0
1209320	20.0
1209331	19.0
1209332	18.0
1209530	20.0
1210092	19.0
1210093	18.0
1210484	20.0
1213024	19.0
1213371	20.0
1214584	19.0
1214658	20.0
1214811	19.0
1214959	20.0
1221513	19.0
1237345	20.0
1237891	19.0
1238318	20.0
1238923	19.0
1239977	20.0
1240010	19.0
1240693	20.0
1240704	19.0
1240850	20.0
1240860	19.0
1241197	20.0
1241207	19.0
1241478	20.0
1241676	19.0
1241734	20.0
1241745	19.0
1241885	20.0
1242513	19.0
1243561	20.0
1243571	19.0
1243726	20.0
1244276	19.0
1244517	20.0
1244528	19.0
1244563	20.0
1245218	19.0
1245477	20.0
1246113	19.0
1246321	20.0
1247175	19.0
1248966	20.0
1248976	19.0
1249050	20.0
1249060	19.0
1249209	20.0
1249579	19.0
1250744	20.0
1251553	19.0
1252677	20.0
1253316	19.0
1254438	20.0
1254637	19.0
1254759	20.0
1255132	19.0
1255398	20.0
1257939	19.0
1258133	20.0
1258789	19.0
1258970	20.0
1258981	19.0
1259107	20.0
1259588	19.0
1259838	20.0
1260523	19.0
1260796	20.0
1260930	19.0
1261061	20.0
1261071	19.0
1261194	20.0
1261415	19.0
1261640	20.0
1262314	19.0
1262537	20.0
1263283	19.0
1263479	20.0
1264114	19.0
1264453	20.0
1265070	19.0
1266118	20.0
1267723	19.0
1268043	20.0
1268680	19.0
1269023	20.0
1269515	19.0
1276040	20.0
1279452	19.0
1282309	20.0
1282319	19.0
1282344	20.0
1282354	19.0
1282568	20.0
1285358	19.0
1285556	20.0
1286327	19.0
1287034	20.0
1323337	19.0
1323478	20.0
1324117	19.0
1324500	20.0
1324992	19.0
1325177	20.0
1325884	19.0
1326085	20.0
1326096	19.0
1326213	20.0
1326784	19.0
1326971	20.0
1326982	19.0
1327120	20.0
1327130	19.0
1327359	20.0
1327369	19.0
1327493	20.0
1327503	19.0
1327706	20.0
1327716	19.0
1328759	20.0
1329643	19.0
1330558	20.0
1331403	19.0
1333278	20.0
1336765	19.0
1336916	20.0
1337594	19.0
1338440	20.0
1338450	19.0
1339558	20.0
1340422	19.0
1340587	20.0
1340598	19.0
1340637	20.0
1342008	19.0
1342277	20.0
1344001	19.0
1344958	20.0
1345728	19.0
1347637	20.0
1349383	19.0
1350357	20.0
1360251	19.0
1360271	20.0
1360281	19.0
1362963	20.0
1365457	19.0
1366733	20.0
1367318	19.0
1371406	20.0
1398143	19.0
1398381	20.0
1398391	19.0
1398545	20.0
1403379	19.0
1404155	20.0
1409514	19.0
1409869	20.0
1410148	19.0
1411593	20.0
1412417	19.0
1413142	20.0
1413153	19.0
1413223	20.0
1413234	19.0
1413343	20.0
1414062	19.0
1414272	20.0
1415916	19.0
1415997	20.0
1416855	19.0
1416856	20.0
1417711	19.0
1417873	20.0
1418558	19.0
1418765	20.0
1419595	19.0
1419757	20.0
1419768	19.0
1419792	20.0
1420367	19.0
1423092	20.0
1423103	19.0
1423128	20.0
1423139	19.0
1423352	20.0
1423953	19.0
1425795	20.0
1425805	19.0
1426013	20.0
1426692	19.0
1427045	20.0
1427638	19.0
1427901	20.0
1428453	19.0
1429554	20.0
1429564	19.0
1429673	20.0
1430064	19.0
1430175	20.0
1430185	19.0
1430264	20.0
1430274	19.0
1431394	20.0
1432140	19.0
1433191	20.0
1433876	19.0
1434271	20.0
1434772	19.0
1434994	20.0
1435020	19.0
1435195	20.0
1436484	19.0
1437672	20.0
1443878	19.0
1449014	20.0
1449269	21.0
1449399	20.0
1449413	21.0
1449430	20.0
1449597	21.0
1450470	20.0
1450479	21.0
1450747	22.0
1452204	21.0
1452465	20.0
1452717	21.0
1453509	22.0
1454312	21.0
1454627	22.0
1454642	21.0
1454830	22.0
1455178	21.0
1455628	22.0
1455644	21.0
1464198	22.0
1464239	21.0
1464307	22.0
1464321	21.0
1464651	22.0
1464677	21.0
1464685	22.0
1464699	21.0
1464947	22.0
1464960	21.0
1465308	22.0
1465835	21.0
1466000	22.0
1468346	21.0
1468666	22.0
1468965	21.0
1468976	22.0
1468990	21.0
1469120	22.0
1469358	21.0
1469371	22.0
1473487	23.0
1474066	22.0
1474172	23.0
1490527	24.0
1490538	23.0
1490997	24.0
1495055	23.0
1495663	24.0
1497908	23.0
1500646	24.0
1522298	23.0
1530386	24.0
1532654	23.0
1532731	24.0
1533809	23.0
1534041	24.0
1534216	23.0
1535946	24.0
1536642	23.0
1536836	24.0
1536847	23.0
1536874	24.0
1537415	23.0
1537472	24.0
1537541	23.0
1537711	24.0
1547202	23.0
1547203	22.0
1547645	24.0
1547656	23.0
1547657	24.0
1548283	23.0
1548284	22.0
1548375	24.0
1550097	23.0
1550126	22.0
1550127	21.0
1550684	24.0
1550695	22.0
1550696	21.0
1550917	23.0
1550928	22.0
1550929	21.0
1551641	24.0
1552652	23.0
1553364	24.0
1553376	23.0
1553387	24.0
1553398	23.0
1553606	22.0
1553607	21.0
1553667	23.0
1553678	22.0
1553679	21.0
1553892	22.0
1553903	21.0
1554432	24.0
1554717	23.0
1554958	24.0
1555334	23.0
1555601	22.0
1555602	21.0
1556230	23.0
1556241	22.0
1556242	21.0
1556805	23.0
1556890	24.0
1556902	23.0
1557070	24.0
1557081	23.0
1557146	24.0
1560049	22.0
1560050	21.0
1629814	22.0
1637677	23.0
1637690	22.0
1637796	23.0
1638221	22.0
1638267	23.0
1638390	22.0
1638842	23.0
1640078	19.0
1640079	18.0
1648591	17.0
1649385	18.0
1651162	17.0
1651174	18.0
1651651	17.0
1651775	18.0
1652235	17.0
1654372	16.0
1721612	17.0
1721625	16.0
1721630	17.0
1721643	16.0
1721655	17.0
1721668	16.0
1721693	17.0
1721709	16.0
1721843	17.0
1723820	16.0
2061770	21.0
2061888	21.0
2061899	19.0
2061900	17.0
2061901	16.0
2063869	20.0
2063880	18.0
2063881	17.0
2063882	16.0
2066690	20.0
2066703	17.0
2066704	16.0
2066941	20.0
2067422	20.0
2067435	17.0
2067436	16.0
2067499	20.0
2067512	17.0
2067513	16.0
2067941	20.0
2068326	17.0
2068327	16.0
2068495	20.0
2072068	17.0
2072069	16.0
2130712	17.0
2136955	21.0
2137181	19.0
2137182	18.0
2137183	17.0
2216222	18.0
2216235	17.0
2230118	18.0
2230129	17.0
2230939	18.0
2231812	19.0
2233125	18.0
2233627	19.0
2233641	18.0
2233662	19.0
2233675	18.0
2233715	19.0
2234045	20.0
2236625	19.0
2237263	18.0
2237926	22.0
2237938	19.0
2237939	18.0
2238160	22.0
2238277	23.0
2238289	22.0
2238293	23.0
2238664	22.0
2238781	23.0
2239339	24.0
2239353	23.0
2240659	24.0
2241749	23.0
2241750	22.0
2241832	24.0
2241897	23.0
2241898	22.0
2241950	24.0
2242133	23.0
2242162	22.0
2242163	21.0
2242202	23.0
2242314	24.0
2242326	23.0
2242448	24.0
2242611	23.0
2242679	24.0
2242692	23.0
2242705	24.0
2242718	23.0
2242727	24.0
2244660	25.0
2245773	24.0
2247792	23.0
2247957	24.0
2247970	23.0
2248396	24.0
2248409	23.0
2248421	24.0
2248435	23.0
2251900	22.0
2257954	21.0
2317952	23.0
2318811	24.0
2318823	23.0
2318885	24.0
2319069	23.0
2319096	22.0
2319115	23.0
2319160	24.0
2319174	23.0
2319178	24.0
2319242	23.0
2319270	22.0
2319283	23.0
2319296	22.0
2321113	21.0
2321831	22.0
2321844	21.0
2322541	22.0
2322580	23.0
2322606	22.0
2322617	23.0
2322631	22.0
2322688	23.0
2322689	24.0
2322761	23.0
2323281	24.0
2323294	23.0
2323804	24.0
2323852	23.0
2329915	24.0
2329921	24.0
2329927	22.0
2329928	21.0
2333834	22.0
2334049	21.0
2676855	20.0
2677502	21.0
2677707	20.0
2735447	21.0
2735462	22.0
2735676	21.0
2735677	20.0
2735690	22.0
2735702	21.0
2735703	20.0
2736228	22.0
2736717	21.0
2736718	20.0
2754451	19.0
2754522	20.0
2754581	19.0
2821934	20.0
2821949	19.0
2821960	20.0
2821975	19.0
2821987	20.0
2822002	19.0
2822014	20.0
2822029	19.0
2822041	20.0
2822056	19.0
2822068	20.0
2824722	19.0
2824934	20.0
2825633	19.0
2827431	20.0
2827446	19.0
2828037	20.0
2828041	21.0
2828055	20.0
2828067	21.0
2828095	20.0
2828096	19.0
2829204	18.0
2829205	17.0
2829232	19.0
2830066	18.0
2830067	17.0
2830427	19.0
2830434	19.0
2830440	18.0
2830441	17.0
2830556	19.0
2830903	18.0
2830904	17.0
2835697	21.0
2835767	20.0
2835768	19.0
2835769	18.0
2835770	17.0
2837108	16.0
2848718	15.0
2850317	16.0
2850345	15.0
2850528	16.0
2850546	15.0
2916358	16.0
2916450	15.0
2923747	16.0
2923759	15.0
2923863	14.0
2923869	15.0
2923896	16.0
2923907	15.0
2924203	14.0
2925646	15.0
2925658	14.0
2925967	15.0
2925978	14.0
2926444	15.0
2929304	16.0
2929626	15.0
2929738	16.0
2931024	15.0
2931694	16.0
2932347	17.0
2932855	16.0
2993377	17.0
2993397	16.0
2993764	17.0
2993780	16.0
2993839	17.0
2995235	16.0
2995739	17.0
2996983	16.0
2997657	17.0
2997671	16.0
3115909	17.0
3117081	16.0
3118079	17.0
3118250	16.0
3118812	17.0
3119150	16.0
3259996	18.0
3260476	17.0
3260477	16.0
3261652	15.0
3262577	16.0
3263157	15.0
3263373	16.0
3263387	15.0
3263649	16.0
3263824	15.0
3264237	16.0
3352455	17.0
3352469	16.0
3357003	17.0
3357017	16.0
3357317	17.0
3357863	16.0
3432756	15.0
3435921	16.0
3440283	17.0
3440779	16.0
3440817	17.0
3440835	16.0
3440877	17.0
3440889	18.0
3440902	18.0
3440922	19.0
3441061	21.0
3441066	21.0
3441072	20.0
3441073	19.0
3441102	18.0
3441152	17.0
3441266	18.0
3441279	17.0
3442525	16.0
3442568	17.0
3442581	16.0
3442682	17.0
3442984	19.0
3443562	18.0
3443563	17.0
3444434	18.0
3444446	17.0
3444456	18.0
3444468	17.0
3444483	18.0
3444495	17.0
3444497	18.0
3444505	19.0
3444508	18.0
3444509	17.0
3444518	16.0
3444616	17.0
3444630	16.0
3444653	18.0
3444665	17.0
3444666	16.0
3444741	17.0
3445441	19.0
3445601	18.0
3445602	17.0
3445884	19.0
3446147	18.0
3446435	19.0
3446586	20.0
3446608	18.0
3446609	17.0
3446638	20.0
3446746	19.0
3446747	18.0
3446748	17.0
3446790	18.0
3446800	17.0
3446919	16.0
3447077	17.0
3447087	16.0
3447165	17.0
3447483	19.0
3447496	18.0
3447497	17.0
3447564	19.0
3447954	18.0
3447955	17.0
3447976	19.0
3448333	18.0
3448419	19.0
3449270	18.0
3449271	17.0
3449272	13.0
3449273	9.0
3449274	4.0
3449275	1.0
3449276	0.0
3449391	19.0
3451062	16.0
3451063	13.0
3451064	11.0
3451065	10.0
3451066	7.0
3451067	6.0
3451082	19.0
3451088	19.0
3451090	16.0
3451091	13.0
3451092	11.0
3451093	10.0
3451094	7.0
3451095	6.0
3451149	19.0
3451156	19.0
3451157	16.0
3451158	13.0
3451159	11.0
3451160	10.0
3451161	9.0
3451162	7.0
3451163	6.0
3451238	19.0
3451645	18.0
3451646	17.0
3451647	16.0
3451648	14.0
3451649	10.0
3451650	9.0
3451651	19.0
3451895	20.0
3452022	19.0
3452249	18.0
3452322	15.0
3452323	12.0
3452324	9.0
3452325	5.0
3452326	2.0
3452327	1.0
3452328	0.0
3452492	17.0
3452550	16.0
3452551	15.0
3452552	13.0
3452553	9.0
3452554	8.0
3452555	6.0
3452556	5.0
3452568	17.0
3452575	17.0
3452576	16.0
3452577	15.0
3452578	13.0
3452579	9.0
3452580	8.0
3452581	6.0
3452582	5.0
3452640	17.0
3452652	18.0
3452701	15.0
3452702	12.0
3452703	10.0
3452704	9.0
3452705	8.0
3452712	18.0
3452718	18.0
3452721	15.0
3452722	12.0
3452723	10.0
3452724	9.0
3452725	8.0
3452767	19.0
3452772	18.0
3452776	15.0
3452777	18.0
3452860	19.0
3452873	18.0
3452997	17.0
3452998	16.0
3452999	14.0
3453000	9.0
3453001	7.0
3453002	6.0
3453078	8.0
3453082	18.0
3453086	19.0
3453261	18.0
3453262	17.0
3453334	19.0
3453338	19.0
3453344	18.0
3453345	17.0
3453347	16.0
3453998	15.0
3453999	14.0
3454000	12.0
3454001	11.0
3454002	10.0
3454266	16.0
3454270	16.0
3454274	15.0
3454275	14.0
3454276	11.0
3454277	10.0
3454614	16.0
3455912	15.0
3455913	14.0
3455914	12.0
3455915	11.0
3455916	10.0
3456040	16.0
3456667	15.0
3456668	14.0
3456669	12.0
3456670	11.0
3456671	10.0
3456677	16.0
3456689	15.0
3456690	14.0
3456691	12.0
3456692	11.0
3456693	10.0
3456725	16.0
3456737	15.0
3456738	14.0
3456739	12.0
3456740	11.0
3456741	10.0
3457255	16.0
3457600	15.0
3457774	16.0
3457786	15.0
3457791	14.0
3457792	12.0
3457793	11.0
3457794	10.0
3458526	15.0
3511448	16.0
3511461	15.0
3527639	16.0
3528076	15.0
4035970	16.0
4035984	15.0
4038488	16.0
4038509	15.0
4048714	16.0
4049078	15.0
4059058	14.0
4059059	13.0
4059063	15.0
4059076	14.0
4059077	13.0
4059120	14.0
4059328	15.0
4059501	14.0
4059640	13.0
4059977	14.0
4060516	13.0
4060747	14.0
4061088	15.0
4062051	14.0
4062052	13.0
4062157	15.0
4063257	14.0
4063258	13.0
4063534	15.0
4065061	14.0
4066376	13.0
4066414	14.0
4066428	13.0
4124678	14.0
4125278	13.0
4132216	14.0
4132346	13.0
4133898	14.0
4133966	13.0
4134524	14.0
4135733	13.0
4135819	14.0
4135832	13.0
4135840	14.0
4135853	13.0
4470343	12.0
4470344	11.0
4471115	13.0
4472601	12.0
4472602	11.0
4473131	13.0
4473364	12.0
4473365	11.0
4473967	13.0
4473981	12.0
4473982	11.0
4474090	13.0
4474097	13.0
4474103	12.0
4474104	11.0
4476596	13.0
4476855	12.0
4476856	11.0
4485516	13.0
4486227	12.0
4486228	11.0
4486231	13.0
4486246	12.0
4486247	11.0
4486319	13.0
4487212	12.0
4487213	11.0
4487389	13.0
4488049	12.0
4488050	11.0
4550123	12.0
4553027	11.0
4553373	12.0
4553575	11.0
4553867	12.0
4553881	11.0
4554414	12.0
4554514	11.0
4554731	12.0
4555129	11.0
4556590	12.0
4556922	13.0
4556963	12.0
4557069	11.0
4557138	12.0
4557197	11.0
4557596	12.0
4557608	11.0
4557794	12.0
4558445	14.0
4558699	13.0
4559126	14.0
4559139	13.0
4559325	14.0
4559331	15.0
4559343	14.0
4559459	15.0
4559471	14.0
4560092	13.0
4560098	12.0
4560664	11.0
4560679	12.0
4560841	13.0
4561216	12.0
4561226	13.0
4561241	12.0
4561431	13.0
4561726	12.0
4562074	11.0
4563232	13.0
4563244	12.0
4563245	11.0
4563857	12.0
4565112	11.0
4565381	12.0
4565397	11.0
4565479	12.0
4565495	11.0
4580349	10.0
4580350	8.0
4580351	7.0
4580352	6.0
4580412	11.0
4580550	10.0
4580551	8.0
4580552	7.0
4580553	6.0
4580842	11.0
4581484	10.0
4581485	8.0
4581486	7.0
4581487	6.0
4581653	11.0
4582202	10.0
4582203	8.0
4582204	7.0
4582205	6.0
4582507	11.0
4582520	10.0
4582521	8.0
4582522	7.0
4582523	6.0
4582558	11.0
4583221	10.0
4583222	8.0
4583223	7.0
4583224	6.0
4583494	11.0
4583961	10.0
4583962	8.0
4583963	7.0
4583964	6.0
4584579	11.0
4585397	10.0
4585398	8.0
4585399	7.0
4585400	6.0
4585926	11.0
4627904	12.0
4628743	11.0
4635005	10.0
4635006	8.0
4635007	7.0
4635008	6.0
4635197	11.0
4635737	12.0
4635752	11.0
4635760	12.0
4635776	11.0
4635844	12.0
4635860	11.0
4636112	12.0
4636716	11.0
4636717	9.0
4636718	7.0
4636719	6.0
4636769	12.0
4637760	11.0
4637761	9.0
4637762	7.0
4637763	6.0
4637927	12.0
4639107	11.0
4639108	9.0
4639109	7.0
4639110	6.0
4639208	11.0
4640375	10.0
4640376	8.0
4640377	7.0
4640378	6.0
4640999	11.0
4641012	10.0
4641013	8.0
4641014	7.0
4641015	6.0
4642627	11.0
4642665	12.0
4643162	11.0
4643163	9.0
4643164	8.0
4643165	7.0
4643176	8.0
4643192	7.0
4643238	8.0
4643254	7.0
4643314	8.0
4643318	13.0
4643328	12.0
4643402	13.0
4643504	12.0
4643553	13.0
4643722	14.0
4644169	13.0
4644233	14.0
4644249	13.0
4644273	14.0
4644323	13.0
4644500	14.0
4644579	13.0
4644669	14.0
4644684	13.0
4644716	14.0
4644798	13.0
4644989	14.0
4645017	13.0
4645109	14.0
4645123	13.0
4647327	12.0
4647424	13.0
4647437	12.0
4647483	13.0
4647713	12.0
4647723	13.0
4647739	12.0
4647776	13.0
4648127	12.0
4648395	11.0
4649901	13.0
4649906	13.0
4649912	12.0
4649913	11.0
4650005	13.0
4650266	14.0
4650282	13.0
4650346	14.0
4651141	13.0
4651152	14.0
4651167	13.0
4651282	12.0
4651283	10.0
4651284	9.0
4651285	8.0
4651469	9.0
4651482	8.0
4653385	13.0
4653466	12.0
4653467	10.0
4653468	9.0
4653469	8.0
4653506	9.0
4653601	14.0
4653611	13.0
4653612	11.0
4653613	10.0
4653614	9.0
4653695	14.0
4654126	15.0
4654221	14.0
4654391	13.0
4654959	12.0
4654960	10.0
4654961	9.0
4654962	8.0
4654970	13.0
4654983	12.0
4654984	10.0
4654985	9.0
4654986	8.0
4655011	13.0
4655023	12.0
4655024	10.0
4655025	9.0
4655026	8.0
4655674	13.0
4655990	12.0
4656635	11.0
4656636	9.0
4656637	8.0
4656638	7.0
4656773	12.0
4656986	13.0
4657003	12.0
4657028	11.0
4657029	8.0
4657030	7.0
4657203	13.0
4657233	12.0
4657257	13.0
4657270	12.0
4657410	13.0
4657493	14.0
4658133	13.0
4658134	12.0
4658169	13.0
4658171	15.0
4658178	14.0
4658223	15.0
4658294	14.0
4658303	13.0
4658304	12.0
4658309	14.0
4658344	13.0
4658430	14.0
4658544	13.0
4658554	14.0
4659116	12.0
4659117	11.0
4659269	13.0
4659279	12.0
4659280	11.0
4659334	13.0
4659344	12.0
4659345	11.0
4659359	13.0
4659362	13.0
4659368	12.0
4659369	11.0
4659536	12.0
4659557	14.0
4661634	12.0
4661635	11.0
4661739	14.0
4661839	13.0
4662009	14.0
4662054	15.0
4662065	14.0
4662162	15.0
4662173	14.0
4662208	13.0
4662221	14.0
4662245	13.0
4664486	14.0
4665359	13.0
4665373	14.0
4665954	13.0
4667632	14.0
4667714	13.0
4667889	14.0
4667905	13.0
4671704	14.0
4671720	13.0
4671897	14.0
4671941	13.0
4733025	14.0
4733040	13.0
4737607	12.0
4738573	13.0
4738582	12.0
4739428	13.0
4739459	14.0
4739647	13.0
4739648	12.0
4740978	13.0
4740987	12.0
4741010	13.0
4741019	12.0
4742207	11.0
4742208	9.0
4742209	8.0
4742210	6.0
4742211	2.0
4742212	1.0
4742213	0.0
4742336	12.0
4742345	11.0
4742346	9.0
4742347	8.0
4742348	6.0
4742349	2.0
4742350	1.0
4742351	0.0
4742714	12.0
4742724	11.0
4742725	9.0
4742726	8.0
4742727	6.0
4742728	2.0
4742729	1.0
4742730	0.0
4742778	12.0
4743321	11.0
4743322	9.0
4743323	8.0
4743324	6.0
4743325	2.0
4743326	1.0
4743327	0.0
4743808	12.0
4744535	11.0
4744536	9.0
4744537	8.0
4744538	6.0
4744539	2.0
4744540	1.0
4744541	0.0
4744693	12.0
4744703	11.0
4744704	9.0
4744705	8.0
4744706	6.0
4744707	2.0
4744708	1.0
4744709	0.0
4744828	12.0
4745132	11.0
4745133	9.0
4745134	8.0
4745135	6.0
4745136	2.0
4745137	1.0
4745138	0.0
4745327	12.0
4745336	11.0
4745337	9.0
4745338	8.0
4745339	6.0
4745340	2.0
4745341	1.0
4745342	0.0
4745434	12.0
4745443	11.0
4745444	9.0
4745445	8.0
4745446	6.0
4745447	2.0
4745448	1.0
4745449	0.0
4745574	12.0
4745583	11.0
4745584	9.0
4745585	8.0
4745586	6.0
4745587	2.0
4745588	1.0
4745589	0.0
4745942	12.0
4746105	11.0
4746106	9.0
4746107	8.0
4746108	6.0
4746109	2.0
4746110	1.0
4746111	0.0
4747113	12.0
4747728	11.0
4747729	9.0
4747730	8.0
4747731	6.0
4747732	2.0
4747733	1.0
4747734	0.0
4748022	12.0
4748645	11.0
4748646	9.0
4748647	8.0
4748648	6.0
4748649	2.0
4748650	1.0
4748651	0.0
4749230	12.0
4749240	11.0
4749241	9.0
4749242	8.0
4749243	6.0
4749244	2.0
4749245	12.0
4749602	11.0
4749603	9.0
4749604	8.0
4749605	6.0
4749606	2.0
4749607	1.0
4749608	0.0
4749956	12.0
4750327	13.0
4750337	12.0
4750406	11.0
4750407	9.0
4750408	8.0
4750409	6.0
4750410	2.0
4750411	1.0
4750412	0.0
4750438	12.0
4750967	11.0
4750968	9.0
4750969	8.0
4750970	6.0
4750971	2.0
4750972	1.0
4750973	0.0
4751640	12.0
4757842	11.0
4757843	9.0
4757844	8.0
4757845	6.0
4757846	2.0
4757847	1.0
4757848	0.0
4758148	12.0
4758545	11.0
4758546	9.0
4758547	8.0
4758548	6.0
4758549	2.0
4758550	1.0
4758551	0.0
4759000	12.0
4759009	11.0
4759010	9.0
4759011	8.0
4759012	6.0
4759013	2.0
4759014	1.0
4759015	0.0
4759533	12.0
4759583	11.0
4759584	9.0
4759585	8.0
4759586	6.0
4759587	2.0
4759588	1.0
4759589	0.0
5347332	1.0
5347640	2.0
5348528	3.0
5348544	2.0
5348645	1.0
5349813	0.0
5412605	1.0
5413272	0.0
5414051	1.0
5414467	0.0
5420507	1.0
5420891	0.0
5421254	1.0
5421270	0.0
5421387	1.0
5421402	0.0
5421551	1.0
5421810	0.0
5422182	1.0
5423051	0.0
5423060	1.0
5423076	0.0
5423776	1.0
5423924	2.0
5424048	1.0
5424859	0.0
5424869	1.0
5424884	0.0
5425623	1.0
5427862	0.0
