1018236	3.0
1020718	1.0
1020719	0.0
1111288	24.0
1111302	21.0
1111303	17.0
1111304	12.0
1111305	6.0
1111306	1.0
1111307	0.0
1111506	24.0
1112004	22.0
1112005	19.0
1112006	14.0
1112007	7.0
1112008	1.0
1112009	0.0
1112218	21.0
1112229	20.0
1112230	19.0
1112231	16.0
1112232	8.0
1112233	1.0
1112234	0.0
1112407	24.0
1112416	23.0
1112417	22.0
1112418	21.0
1112419	19.0
1112420	13.0
1112421	4.0
1112422	1.0
1112423	0.0
1112486	24.0
1112903	23.0
1112904	21.0
1112905	19.0
1112906	14.0
1112907	8.0
1112908	1.0
1112909	0.0
1113124	24.0
1113775	22.0
1113776	18.0
1113777	9.0
1113778	1.0
1113779	0.0
1120350	24.0
1120455	23.0
1120456	19.0
1120457	13.0
1120458	5.0
1120459	1.0
1120460	0.0
2238273	24.0
2238284	23.0
2238285	16.0
2238286	9.0
2238287	5.0
2238288	24.0
2238660	22.0
2238661	11.0
2238662	7.0
2238663	1.0
2238664	0.0
2318807	25.0
2318815	23.0
2318816	22.0
2318817	20.0
2318818	16.0
2318819	8.0
2318820	4.0
2318821	2.0
2318822	1.0
2318823	0.0
2318883	25.0
2319069	24.0
2319096	23.0
2319113	24.0
2319158	25.0
2319174	24.0
2319176	25.0
2319242	24.0
2319270	23.0
2319281	24.0
2319296	23.0
2321108	21.0
2321109	18.0
2321110	13.0
2321111	6.0
2321112	1.0
2321113	0.0
2322539	23.0
2322578	24.0
2322606	23.0
2322616	24.0
2322631	23.0
2322686	24.0
2322687	25.0
2322761	24.0
2323278	25.0
2323294	24.0
2323801	25.0
2323852	24.0
2329913	25.0
2329922	23.0
2329923	21.0
2329924	18.0
2329925	10.0
2329926	4.0
2329927	1.0
2329928	0.0
2334129	1.0
2334169	0.0
2923743	17.0
2923754	15.0
2923755	13.0
2923756	10.0
2923757	5.0
2923758	1.0
2923759	0.0
4133896	15.0
4133963	13.0
4133964	7.0
4133965	1.0
4133966	0.0
4133971	1.0
4134456	0.0
