2059896	5.0
2061768	22.0
2061886	22.0
2061897	21.0
2061898	15.0
2061899	8.0
2061900	6.0
2061901	5.0
2062377	4.0
2062380	2.0
2062381	1.0
2062382	0.0
2064236	5.0
2064648	4.0
2064651	2.0
2064652	1.0
2064653	0.0
2240656	25.0
2241745	24.0
2241746	22.0
2241747	16.0
2241748	7.0
2241749	2.0
2241750	1.0
2241829	25.0
2241893	24.0
2241894	22.0
2241895	12.0
2241896	6.0
2241897	2.0
2241898	1.0
2241948	25.0
2242133	24.0
2242155	25.0
2242156	24.0
2242157	23.0
2242158	20.0
2242159	18.0
2242160	15.0
2242161	8.0
2242162	3.0
2242163	2.0
2242170	1.0
2242200	24.0
2242312	25.0
2242326	24.0
2242447	25.0
2242611	24.0
2242676	25.0
2242692	24.0
2242703	25.0
2242718	24.0
2242726	25.0
2244660	26.0
2245773	25.0
2247792	24.0
2247957	25.0
2247970	24.0
2248400	25.0
2248409	24.0
2248423	25.0
2248435	24.0
2251900	23.0
2257954	22.0
2317952	24.0
2318811	25.0
2318823	24.0
2318885	25.0
2319069	24.0
2319096	23.0
2319116	24.0
2319161	25.0
2319174	24.0
2319179	25.0
2319242	24.0
2319270	23.0
2319284	24.0
2319296	23.0
2321113	22.0
2321831	23.0
2321844	22.0
2322541	23.0
2322580	24.0
2322606	23.0
2322617	24.0
2322631	23.0
2322688	24.0
2322689	25.0
2322761	24.0
2323281	25.0
2323294	24.0
2323805	25.0
2323852	24.0
2329915	25.0
2329921	25.0
2329927	23.0
2329928	22.0
2333834	23.0
2334049	22.0
2676855	21.0
2677504	22.0
2677707	21.0
2735450	22.0
2735465	23.0
2735676	22.0
2735677	21.0
2735693	23.0
2735702	22.0
2735703	21.0
2736231	23.0
2736717	22.0
2736718	21.0
2754451	20.0
2754526	21.0
2754581	20.0
2821938	21.0
2821949	20.0
2821964	21.0
2821975	20.0
2821991	21.0
2822002	20.0
2822018	21.0
2822029	20.0
2822045	21.0
2822056	20.0
2822072	21.0
2824722	20.0
2824938	21.0
2825633	20.0
2827435	21.0
2827446	20.0
2828041	21.0
2828045	22.0
2828055	21.0
2828071	22.0
2828095	21.0
2828096	20.0
2829204	19.0
2829205	18.0
2829235	20.0
2830066	19.0
2830067	18.0
2830431	20.0
2830434	20.0
2830440	19.0
2830441	18.0
2830560	20.0
2830903	19.0
2830904	18.0
2835701	22.0
2835767	21.0
2835768	20.0
2835769	19.0
2835770	18.0
2837108	17.0
2848718	16.0
2850319	17.0
2850345	16.0
2850532	17.0
2850546	16.0
2916361	17.0
2916450	16.0
2923746	17.0
2923759	16.0
2923863	15.0
2923872	16.0
2923895	17.0
2923907	16.0
2924203	15.0
2925647	16.0
2925658	15.0
2925968	16.0
2925978	15.0
2926443	16.0
2929307	17.0
2929626	16.0
2929738	17.0
2931024	16.0
2931697	17.0
2932348	18.0
2932855	17.0
2993382	18.0
2993397	17.0
2993769	18.0
2993780	17.0
2993844	18.0
2995235	17.0
2995740	18.0
2996983	17.0
2997658	18.0
2997671	17.0
3115914	18.0
3117081	17.0
3118084	18.0
3118250	17.0
3118817	18.0
3119150	17.0
3260001	19.0
3260476	18.0
3260477	17.0
3261652	16.0
3262580	17.0
3263157	16.0
3263376	17.0
3263387	16.0
3263652	17.0
3263824	16.0
3264240	17.0
3352458	18.0
3352469	17.0
3357004	18.0
3357017	17.0
3357318	18.0
3357863	17.0
3432756	16.0
3435922	17.0
3440284	18.0
3440779	17.0
3440818	18.0
3440835	17.0
3440878	18.0
3440890	19.0
3440902	18.0
3440903	19.0
3440923	20.0
3441060	22.0
3441066	22.0
3441072	21.0
3441073	20.0
3441102	19.0
3441152	18.0
3441267	19.0
3441279	18.0
3442525	17.0
3442569	18.0
3442581	17.0
3442683	18.0
3442983	20.0
3443562	19.0
3443563	18.0
3444435	19.0
3444446	18.0
3444457	19.0
3444468	18.0
3444484	19.0
3444495	18.0
3444498	19.0
3444506	20.0
3444508	19.0
3444509	18.0
3444518	17.0
3444617	18.0
3444630	17.0
3444652	19.0
3444665	18.0
3444666	17.0
3444742	18.0
3445440	20.0
3445601	19.0
3445602	18.0
3445883	20.0
3446147	19.0
3446436	20.0
3446586	21.0
3446608	19.0
3446609	18.0
3446638	21.0
3446746	20.0
3446747	19.0
3446748	18.0
3446785	19.0
3446800	18.0
3446919	17.0
3447072	18.0
3447087	17.0
3447160	18.0
3447483	20.0
3447496	19.0
3447497	18.0
3447568	20.0
3447954	19.0
3447955	18.0
3447977	20.0
3448333	19.0
3448415	20.0
3449273	19.0
3449396	20.0
3451062	17.0
3451063	14.0
3451064	12.0
3451065	11.0
3451066	8.0
3451067	7.0
3451082	20.0
3451088	20.0
3451090	17.0
3451091	14.0
3451092	12.0
3451093	11.0
3451094	8.0
3451095	7.0
3451149	20.0
3451156	20.0
3451157	17.0
3451158	14.0
3451159	12.0
3451160	11.0
3451161	10.0
3451162	8.0
3451163	7.0
3451238	20.0
3451645	19.0
3451646	18.0
3451647	17.0
3451648	15.0
3451649	11.0
3451650	10.0
3451651	20.0
3451895	21.0
3452022	20.0
3452249	19.0
3452325	18.0
3452443	17.0
3452495	18.0
3452550	17.0
3452551	16.0
3452552	14.0
3452553	10.0
3452554	9.0
3452555	7.0
3452556	6.0
3452570	18.0
3452575	18.0
3452576	17.0
3452577	16.0
3452578	14.0
3452579	10.0
3452580	9.0
3452581	7.0
3452582	6.0
3452640	18.0
3452648	19.0
3452701	16.0
3452702	13.0
3452703	11.0
3452704	10.0
3452705	9.0
3452712	19.0
3452718	19.0
3452721	16.0
3452722	13.0
3452723	11.0
3452724	10.0
3452725	9.0
3452767	20.0
3452772	19.0
3452776	16.0
3452777	19.0
3452860	20.0
3452873	19.0
3452997	18.0
3452998	17.0
3452999	15.0
3453000	10.0
3453001	8.0
3453002	7.0
3453078	9.0
3453082	19.0
3453086	20.0
3453261	19.0
3453262	18.0
3453338	20.0
3453344	19.0
3453345	18.0
3453347	17.0
3453998	15.0
3453999	9.0
3454000	7.0
3454001	6.0
3454264	17.0
3454270	16.0
3454272	15.0
3454273	13.0
3454274	10.0
3454275	8.0
3454276	7.0
3454277	6.0
3454617	17.0
3455912	15.0
3455913	9.0
3455914	7.0
3455915	6.0
3456043	17.0
3456667	15.0
3456668	9.0
3456669	7.0
3456670	6.0
3456680	17.0
3456689	15.0
3456690	9.0
3456691	7.0
3456692	6.0
3456728	17.0
3456737	15.0
3456738	9.0
3456739	7.0
3456740	6.0
3457258	17.0
3457600	16.0
3457770	17.0
3457786	16.0
3457790	14.0
3457791	8.0
3457792	6.0
3457793	5.0
3458529	16.0
3511452	17.0
3511461	16.0
3527643	17.0
3528076	16.0
4035974	17.0
4035984	16.0
4038492	17.0
4038509	16.0
4048718	17.0
4049078	16.0
4059058	15.0
4059059	14.0
4059067	16.0
4059076	15.0
4059077	14.0
4059124	15.0
4059332	16.0
4059501	15.0
4059640	14.0
4059981	15.0
4060516	14.0
4060751	15.0
4061092	16.0
4062051	15.0
4062052	14.0
4062161	16.0
4063257	15.0
4063258	14.0
4063538	16.0
4065061	15.0
4066376	14.0
4066418	15.0
4066428	14.0
4124680	15.0
4125278	14.0
4132220	15.0
4132346	14.0
4133899	15.0
4133966	14.0
4134524	15.0
4135733	14.0
4135819	15.0
4135832	14.0
4135844	15.0
4135853	14.0
4470343	13.0
4470344	12.0
4471119	14.0
4472601	13.0
4472602	12.0
4473135	14.0
4473364	13.0
4473365	12.0
4473971	14.0
4473981	13.0
4473982	12.0
4474094	14.0
4474097	14.0
4474103	13.0
4474104	12.0
4476600	14.0
4476855	13.0
4476856	12.0
4485522	14.0
4486227	13.0
4486228	12.0
4486237	14.0
4486246	13.0
4486247	12.0
4486325	14.0
4487212	13.0
4487213	12.0
4487395	14.0
4488049	13.0
4488050	12.0
4550127	13.0
4553027	12.0
4553377	13.0
4553575	12.0
4553871	13.0
4553881	12.0
4554418	13.0
4554514	12.0
4554735	13.0
4555129	12.0
4556594	13.0
4556928	14.0
4556963	13.0
4557069	12.0
4557144	13.0
4557197	12.0
4557598	13.0
4557608	12.0
4557796	13.0
4558451	15.0
4558699	14.0
4559128	15.0
4559139	14.0
4559327	15.0
4559333	16.0
4559343	15.0
4559461	16.0
4559471	15.0
4560092	14.0
4560098	13.0
4560664	12.0
4560681	13.0
4560847	14.0
4561216	13.0
4561232	14.0
4561241	13.0
4561437	14.0
4561726	13.0
4562074	12.0
4563234	14.0
4563244	13.0
4563245	12.0
4563863	13.0
4565112	12.0
4565387	13.0
4565397	12.0
4565485	13.0
4565495	12.0
4580348	11.0
4580349	7.0
4580350	6.0
4580351	5.0
4580415	12.0
4580549	11.0
4580550	7.0
4580551	6.0
4580552	5.0
4580845	12.0
4581483	11.0
4581484	7.0
4581485	6.0
4581486	5.0
4581656	12.0
4582201	11.0
4582202	7.0
4582203	6.0
4582204	5.0
4582510	12.0
4582519	11.0
4582520	7.0
4582521	6.0
4582522	5.0
4582561	12.0
4583220	11.0
4583221	7.0
4583222	6.0
4583223	5.0
4583497	12.0
4583960	11.0
4583961	7.0
4583962	6.0
4583963	5.0
4584582	12.0
4585396	11.0
4585397	7.0
4585398	6.0
4585399	5.0
4585929	12.0
4627908	13.0
4628743	12.0
4635004	11.0
4635005	7.0
4635006	6.0
4635007	5.0
4635200	12.0
4635739	13.0
4635752	12.0
4635764	13.0
4635776	12.0
4635848	13.0
4635860	12.0
4636114	13.0
4636715	12.0
4636716	8.0
4636717	7.0
4636718	6.0
4636772	13.0
4637759	12.0
4637760	8.0
4637761	7.0
4637762	6.0
4637930	13.0
4639106	12.0
4639107	8.0
4639108	7.0
4639109	6.0
4639110	5.0
4639208	12.0
4640372	11.0
4640375	10.0
4640376	7.0
4640377	6.0
4640378	5.0
4641002	12.0
4641011	11.0
4641012	7.0
4641013	6.0
4641014	5.0
4642630	12.0
4642667	13.0
4643161	12.0
4643162	8.0
4643163	7.0
4643164	5.0
4643320	14.0
4643328	13.0
4643405	14.0
4643504	13.0
4643557	14.0
4643724	15.0
4643912	14.0
4643914	15.0
4644169	14.0
4644237	15.0
4644249	14.0
4644277	15.0
4644323	14.0
4644503	15.0
4644579	14.0
4644672	15.0
4644684	14.0
4644720	15.0
4644798	14.0
4644991	15.0
4645003	14.0
4645006	15.0
4645017	14.0
4645110	15.0
4645123	14.0
4647327	13.0
4647425	14.0
4647437	13.0
4647488	14.0
4647713	13.0
4647730	14.0
4647739	13.0
4647775	14.0
4648127	13.0
4648395	12.0
4649905	14.0
4649906	14.0
4649912	13.0
4649913	12.0
4650009	14.0
4650270	15.0
4650282	14.0
4650350	15.0
4651141	14.0
4651156	15.0
4651167	14.0
4651281	12.0
4651282	7.0
4651283	6.0
4651284	5.0
4653385	14.0
4653465	13.0
4653466	11.0
4653467	7.0
4653468	6.0
4653469	5.0
4653601	15.0
4653607	15.0
4653608	14.0
4653611	12.0
4653612	8.0
4653613	6.0
4653614	5.0
4653698	15.0
4654129	16.0
4654221	15.0
4654391	14.0
4654957	13.0
4654958	11.0
4654959	8.0
4654960	7.0
4654961	5.0
4654973	14.0
4654981	13.0
4654982	11.0
4654983	8.0
4654984	7.0
4654985	5.0
4655014	14.0
4655019	14.0
4655021	13.0
4655022	11.0
4655023	8.0
4655024	7.0
4655025	5.0
4655677	14.0
4655990	13.0
4656633	12.0
4656634	10.0
4656635	8.0
4656636	7.0
4656637	5.0
4656771	13.0
4656991	14.0
4657003	13.0
4657023	12.0
4657027	10.0
4657028	8.0
4657029	6.0
4657030	5.0
4657143	6.0
4657173	5.0
4657205	13.0
4657206	14.0
4657233	13.0
4657254	14.0
4657270	13.0
4657413	14.0
4657490	15.0
4658133	14.0
4658134	13.0
4658166	14.0
4658170	16.0
4658178	15.0
4658230	16.0
4658294	15.0
4658303	14.0
4658304	13.0
4658308	15.0
4658344	14.0
4658429	15.0
4658544	14.0
4658551	15.0
4659116	13.0
4659117	12.0
4659264	14.0
4659279	13.0
4659280	12.0
4659329	14.0
4659344	13.0
4659345	12.0
4659354	14.0
4659368	13.0
4659369	12.0
4659533	13.0
4659554	15.0
4661634	13.0
4661635	12.0
4661736	15.0
4661839	14.0
4662006	15.0
4662051	16.0
4662065	15.0
4662159	16.0
4662173	15.0
4662208	14.0
4662218	15.0
4662245	14.0
4664487	15.0
4665359	14.0
4665374	15.0
4665954	14.0
4667634	15.0
4667714	14.0
4667893	15.0
4667905	14.0
4671708	15.0
4671720	14.0
4671901	15.0
4671941	14.0
4733027	15.0
4733040	14.0
4737607	13.0
4738570	14.0
4738582	13.0
4739425	14.0
4739456	15.0
4739647	14.0
4739648	13.0
4740975	14.0
4740987	13.0
4741007	14.0
4741019	13.0
4742210	12.0
4742339	13.0
4742344	13.0
4742348	12.0
4742717	13.0
4742727	12.0
4742781	13.0
4743324	12.0
4743811	13.0
4744538	12.0
4744696	13.0
4744706	12.0
4744831	13.0
4745135	12.0
4745330	13.0
4745335	13.0
4745339	12.0
4745437	13.0
4745442	13.0
4745446	12.0
4745577	13.0
4745582	13.0
4745586	12.0
4745945	13.0
4746108	12.0
4747116	13.0
4747731	12.0
4748025	13.0
4748648	12.0
4749233	13.0
4749243	12.0
4749248	13.0
4749605	12.0
4749959	13.0
4750324	14.0
4750337	13.0
4750409	12.0
4750441	13.0
4750970	12.0
4751643	13.0
4757845	12.0
4758151	13.0
4758548	12.0
4759003	13.0
4759008	13.0
4759012	12.0
4759536	13.0
4759586	12.0
5184514	11.0
5184517	10.0
5254814	9.0
5254815	6.0
5254816	5.0
5255269	8.0
5255298	7.0
5255299	6.0
5255780	8.0
5255799	8.0
5256026	7.0
5256027	6.0
5256161	8.0
5256175	7.0
5256176	6.0
5256190	8.0
5256335	7.0
5256336	6.0
5256485	8.0
5256491	8.0
5256497	7.0
5256498	6.0
5256571	5.0
5256984	6.0
5257000	5.0
5263544	4.0
5264611	5.0
5265337	6.0
5265668	5.0
5265786	6.0
5265869	1.0
5265870	0.0
