232805	1.0
233319	0.0
236595	1.0
236789	2.0
237089	1.0
237138	0.0
237364	1.0
289217	0.0
320971	1.0
321014	0.0
333720	3.0
334117	1.0
334118	0.0
341328	1.0
341345	0.0
341414	1.0
347938	2.0
351963	1.0
405239	0.0
429820	1.0
430749	0.0
491386	1.0
491400	0.0
491507	1.0
492329	0.0
500542	1.0
500565	0.0
500627	1.0
500641	0.0
501414	1.0
501428	0.0
501945	1.0
501959	0.0
502369	1.0
505567	2.0
506116	1.0
506125	2.0
506145	1.0
506936	2.0
507157	3.0
508388	2.0
508400	3.0
508420	2.0
509984	3.0
509998	2.0
510137	3.0
510151	2.0
510337	3.0
510351	2.0
510658	5.0
510665	5.0
510670	4.0
510671	3.0
510672	2.0
510686	5.0
510693	5.0
510698	4.0
510699	3.0
510700	2.0
510708	5.0
510715	5.0
510720	4.0
510721	3.0
510722	2.0
510731	5.0
510738	5.0
510743	4.0
510744	3.0
510745	2.0
510753	5.0
510760	5.0
510765	4.0
510766	3.0
510767	2.0
510775	5.0
510788	6.0
510802	5.0
510804	6.0
510818	5.0
511047	6.0
512936	5.0
514185	4.0
514186	3.0
514187	2.0
514188	1.0
844978	2.0
844993	1.0
844997	2.0
845022	1.0
845151	2.0
845166	2.0
852977	1.0
854444	2.0
857302	1.0
924128	2.0
934639	3.0
934652	2.0
936977	1.0
952796	2.0
953340	1.0
1024920	8.0
1025124	9.0
1025515	8.0
1026129	9.0
1026273	10.0
1026632	9.0
1026665	10.0
1026677	9.0
1026703	10.0
1027151	11.0
1028126	12.0
1028146	11.0
1028209	12.0
1029789	11.0
1029826	12.0
1029837	11.0
1029958	12.0
1031251	11.0
1031400	12.0
1031411	11.0
1032074	13.0
1032078	15.0
1032081	18.0
1032284	17.0
1032312	18.0
1032406	17.0
1032407	16.0
1032408	12.0
1032409	11.0
1032483	12.0
1032495	11.0
1032988	18.0
1032992	18.0
1032996	17.0
1032997	16.0
1032998	12.0
1032999	11.0
1033145	18.0
1033273	17.0
1033274	14.0
1033275	12.0
1033276	11.0
1033386	18.0
1033390	18.0
1033394	17.0
1033395	15.0
1033396	12.0
1033397	11.0
1033502	18.0
1036396	19.0
1036407	18.0
1036413	19.0
1036429	18.0
1036454	19.0
1036610	18.0
1039527	22.0
1040174	21.0
1040175	20.0
1040176	19.0
1040177	18.0
1040406	22.0
1042218	21.0
1042219	20.0
1042220	19.0
1042221	18.0
1042254	22.0
1042265	21.0
1042266	20.0
1042267	19.0
1042268	18.0
1042369	22.0
1042984	21.0
1042985	20.0
1042986	19.0
1042987	22.0
1042991	22.0
1042995	21.0
1042996	20.0
1042997	19.0
1042998	18.0
1043099	22.0
1045526	21.0
1045527	20.0
1045528	19.0
1045529	18.0
1045650	22.0
1046431	21.0
1046432	20.0
1046433	19.0
1046434	18.0
1046557	22.0
1046566	21.0
1046567	20.0
1046568	19.0
1046569	18.0
1046646	22.0
1046655	21.0
1046656	20.0
1046657	19.0
1046658	18.0
1046775	22.0
1046779	22.0
1046783	21.0
1046784	20.0
1046785	19.0
1046786	18.0
1046922	22.0
1046926	22.0
1046930	21.0
1046931	20.0
1046932	19.0
1046933	18.0
1047153	22.0
1047157	22.0
1047161	21.0
1047162	20.0
1047163	19.0
1047164	18.0
1047264	22.0
1047268	22.0
1047272	21.0
1047273	20.0
1047274	19.0
1047275	18.0
1047310	22.0
1047319	21.0
1047320	20.0
1047321	19.0
1047322	18.0
1047483	22.0
1053437	21.0
1106218	20.0
1106219	19.0
1106852	21.0
1109096	20.0
1109097	21.0
1110626	22.0
1110649	21.0
1110667	22.0
1110677	21.0
1110694	22.0
1111293	23.0
1111307	22.0
1111511	23.0
1112009	22.0
1112135	20.0
1112136	19.0
1112220	20.0
1112234	19.0
1112281	22.0
1112286	22.0
1112409	23.0
1112423	22.0
1112488	23.0
1112909	22.0
1113126	23.0
1113779	22.0
1116092	20.0
1116093	19.0
1116155	22.0
1116167	20.0
1116168	19.0
1116219	22.0
1120354	23.0
1120460	22.0
1121008	21.0
1121009	20.0
1121010	19.0
1121063	22.0
1121624	20.0
1121625	19.0
1121740	22.0
1122080	21.0
1122081	20.0
1122082	19.0
1123015	22.0
1123403	20.0
1123404	19.0
1123589	18.0
1123910	21.0
1124157	19.0
1124158	18.0
1126349	21.0
1126352	21.0
1126358	19.0
1126359	18.0
1127282	21.0
1127285	21.0
1127291	19.0
1127292	18.0
1128591	21.0
1129054	19.0
1129055	18.0
1209321	20.0
1209331	19.0
1209332	18.0
1209531	20.0
1210092	19.0
1210093	18.0
1210485	20.0
1213024	19.0
1213372	20.0
1214584	19.0
1214659	20.0
1214811	19.0
1214960	20.0
1221513	19.0
1237346	20.0
1237891	19.0
1238319	20.0
1238923	19.0
1239978	20.0
1240010	19.0
1240694	20.0
1240704	19.0
1240851	20.0
1240860	19.0
1241198	20.0
1241207	19.0
1241479	20.0
1241676	19.0
1241735	20.0
1241745	19.0
1241886	20.0
1242513	19.0
1243562	20.0
1243571	19.0
1243727	20.0
1244276	19.0
1244518	20.0
1244528	19.0
1244564	20.0
1245218	19.0
1245478	20.0
1246113	19.0
1246322	20.0
1247175	19.0
1248967	20.0
1248976	19.0
1249051	20.0
1249060	19.0
1249210	20.0
1249579	19.0
1250745	20.0
1251553	19.0
1252678	20.0
1253316	19.0
1254439	20.0
1254637	19.0
1254760	20.0
1255132	19.0
1255399	20.0
1257939	19.0
1258134	20.0
1258789	19.0
1258971	20.0
1258981	19.0
1259108	20.0
1259588	19.0
1259839	20.0
1260523	19.0
1260797	20.0
1260930	19.0
1261062	20.0
1261071	19.0
1261195	20.0
1261415	19.0
1261641	20.0
1262314	19.0
1262538	20.0
1263283	19.0
1263480	20.0
1264114	19.0
1264454	20.0
1265070	19.0
1266119	20.0
1267723	19.0
1268044	20.0
1268680	19.0
1269024	20.0
1269515	19.0
1276041	20.0
1279452	19.0
1282310	20.0
1282319	19.0
1282345	20.0
1282354	19.0
1282569	20.0
1285358	19.0
1285557	20.0
1286327	19.0
1287035	20.0
1323337	19.0
1323479	20.0
1324117	19.0
1324501	20.0
1324992	19.0
1325178	20.0
1325884	19.0
1326086	20.0
1326096	19.0
1326214	20.0
1326784	19.0
1326972	20.0
1326982	19.0
1327121	20.0
1327130	19.0
1327360	20.0
1327369	19.0
1327494	20.0
1327503	19.0
1327707	20.0
1327716	19.0
1328760	20.0
1329643	19.0
1330559	20.0
1331403	19.0
1333279	20.0
1336765	19.0
1336917	20.0
1337594	19.0
1338441	20.0
1338450	19.0
1339559	20.0
1340422	19.0
1340588	20.0
1340598	19.0
1340638	20.0
1342008	19.0
1342278	20.0
1344001	19.0
1344959	20.0
1345728	19.0
1347638	20.0
1349383	19.0
1350358	20.0
1360251	19.0
1360272	20.0
1360281	19.0
1362964	20.0
1365457	19.0
1366734	20.0
1367318	19.0
1371407	20.0
1398143	19.0
1398382	20.0
1398391	19.0
1398546	20.0
1403379	19.0
1404156	20.0
1409514	19.0
1409870	20.0
1410148	19.0
1411594	20.0
1412417	19.0
1413143	20.0
1413153	19.0
1413224	20.0
1413234	19.0
1413344	20.0
1414062	19.0
1414273	20.0
1415916	19.0
1415998	20.0
1416855	19.0
1416857	20.0
1417711	19.0
1417874	20.0
1418558	19.0
1418766	20.0
1419595	19.0
1419758	20.0
1419768	19.0
1419793	20.0
1420367	19.0
1423093	20.0
1423103	19.0
1423129	20.0
1423139	19.0
1423353	20.0
1423953	19.0
1425796	20.0
1425805	19.0
1426014	20.0
1426692	19.0
1427046	20.0
1427638	19.0
1427902	20.0
1428453	19.0
1429555	20.0
1429564	19.0
1429674	20.0
1430064	19.0
1430176	20.0
1430185	19.0
1430265	20.0
1430274	19.0
1431395	20.0
1432140	19.0
1433192	20.0
1433876	19.0
1434272	20.0
1434772	19.0
1434995	20.0
1435020	19.0
1435196	20.0
1436484	19.0
1437673	20.0
1443878	19.0
1449015	20.0
1449270	21.0
1449399	20.0
1449414	21.0
1449430	20.0
1449598	21.0
1450470	20.0
1450480	21.0
1450748	22.0
1452204	21.0
1452465	20.0
1452718	21.0
1453510	22.0
1454312	21.0
1454628	22.0
1454642	21.0
1454831	22.0
1455178	21.0
1455629	22.0
1455644	21.0
1464199	22.0
1464239	21.0
1464308	22.0
1464321	21.0
1464652	22.0
1464677	21.0
1464686	22.0
1464699	21.0
1464948	22.0
1464960	21.0
1465309	22.0
1465835	21.0
1466001	22.0
1468346	21.0
1468667	22.0
1468965	21.0
1468977	22.0
1468990	21.0
1469121	22.0
1469358	21.0
1469372	22.0
1473488	23.0
1474066	22.0
1474173	23.0
1490528	24.0
1490538	23.0
1490998	24.0
1495055	23.0
1495664	24.0
1497908	23.0
1500647	24.0
1522298	23.0
1530387	24.0
1532654	23.0
1532732	24.0
1533809	23.0
1534042	24.0
1534216	23.0
1535947	24.0
1536642	23.0
1536837	24.0
1536847	23.0
1536875	24.0
1537415	23.0
1537473	24.0
1537541	23.0
1537712	24.0
1547202	23.0
1547203	22.0
1547646	24.0
1547656	23.0
1547657	22.0
1547658	24.0
1548283	23.0
1548284	22.0
1548376	24.0
1550097	23.0
1550126	22.0
1550127	21.0
1550685	24.0
1550695	22.0
1550696	21.0
1550918	23.0
1550928	22.0
1550929	21.0
1551642	24.0
1552652	23.0
1553365	24.0
1553376	23.0
1553388	24.0
1553398	23.0
1553606	22.0
1553607	21.0
1553668	23.0
1553678	22.0
1553679	21.0
1553893	22.0
1553903	21.0
1554433	24.0
1554717	23.0
1554959	24.0
1555334	23.0
1555601	22.0
1555602	21.0
1556231	23.0
1556241	22.0
1556242	21.0
1556806	23.0
1556891	24.0
1556902	23.0
1557071	24.0
1557081	23.0
1557147	24.0
1560049	22.0
1560050	21.0
1629815	22.0
1637678	23.0
1637690	22.0
1637797	23.0
1638221	22.0
1638268	23.0
1638390	22.0
1638843	23.0
1640078	19.0
1640079	18.0
1648591	17.0
1649386	18.0
1651162	17.0
1651175	18.0
1651651	17.0
1651776	18.0
1652235	17.0
1654372	16.0
1721613	17.0
1721625	16.0
1721631	17.0
1721643	16.0
1721656	17.0
1721668	16.0
1721694	17.0
1721709	16.0
1721844	17.0
1723820	16.0
2061771	21.0
2061888	19.0
2061889	21.0
2061899	19.0
2061900	17.0
2061901	16.0
2063870	20.0
2063880	18.0
2063881	17.0
2063882	16.0
2066691	20.0
2066703	17.0
2066704	16.0
2066942	20.0
2067422	17.0
2067423	20.0
2067435	17.0
2067436	16.0
2067500	20.0
2067512	17.0
2067513	16.0
2067942	20.0
2068326	17.0
2068327	16.0
2068496	20.0
2072068	17.0
2072069	16.0
2130713	17.0
2136956	21.0
2137181	19.0
2137182	18.0
2137183	17.0
2216223	18.0
2216235	17.0
2230119	18.0
2230129	17.0
2230940	18.0
2231813	19.0
2233125	18.0
2233628	19.0
2233641	18.0
2233663	19.0
2233675	18.0
2233716	19.0
2234046	20.0
2236625	19.0
2237263	18.0
2237927	22.0
2237938	19.0
2237939	18.0
2238161	22.0
2238278	23.0
2238289	22.0
2238294	23.0
2238664	22.0
2238782	23.0
2239340	24.0
2239353	23.0
2240660	24.0
2241749	23.0
2241750	22.0
2241833	24.0
2241897	23.0
2241898	22.0
2241951	24.0
2242133	23.0
2242162	22.0
2242163	21.0
2242203	23.0
2242315	24.0
2242326	23.0
2242449	24.0
2242611	23.0
2242680	24.0
2242692	23.0
2242706	24.0
2242718	23.0
2242728	24.0
2244661	25.0
2245773	24.0
2247792	23.0
2247958	24.0
2247970	23.0
2248397	24.0
2248409	23.0
2248422	24.0
2248435	23.0
2251900	22.0
2257954	21.0
2317953	23.0
2318812	24.0
2318823	23.0
2318886	24.0
2319069	23.0
2319096	22.0
2319114	23.0
2319159	24.0
2319174	23.0
2319177	24.0
2319242	23.0
2319270	22.0
2319282	23.0
2319296	22.0
2321113	21.0
2321832	22.0
2321844	21.0
2322542	22.0
2322581	23.0
2322593	23.0
2322606	22.0
2322618	23.0
2322631	22.0
2322689	23.0
2322690	24.0
2322761	23.0
2323280	24.0
2323294	23.0
2323803	24.0
2323852	23.0
2329916	24.0
2329921	24.0
2329927	22.0
2329928	21.0
2333835	22.0
2334049	21.0
2676855	20.0
2677503	21.0
2677707	20.0
2735448	21.0
2735463	22.0
2735676	21.0
2735677	20.0
2735691	22.0
2735702	21.0
2735703	20.0
2736229	22.0
2736717	21.0
2736718	20.0
2754451	19.0
2754523	20.0
2754581	19.0
2821935	20.0
2821949	19.0
2821961	20.0
2821975	19.0
2821988	20.0
2822002	19.0
2822015	20.0
2822029	19.0
2822042	20.0
2822056	19.0
2822069	20.0
2824722	19.0
2824935	20.0
2825633	19.0
2827432	20.0
2827446	19.0
2828038	20.0
2828042	21.0
2828055	20.0
2828068	21.0
2828095	20.0
2828096	19.0
2829204	18.0
2829205	17.0
2829233	19.0
2830066	18.0
2830067	17.0
2830428	19.0
2830434	19.0
2830440	18.0
2830441	17.0
2830557	19.0
2830903	18.0
2830904	17.0
2835698	21.0
2835767	20.0
2835768	19.0
2835769	18.0
2835770	17.0
2837108	16.0
2848718	15.0
2850318	16.0
2850345	15.0
2850529	16.0
2850546	15.0
2916359	16.0
2916450	15.0
2923748	16.0
2923759	15.0
2923863	14.0
2923870	15.0
2923897	16.0
2923907	15.0
2924203	14.0
2925647	15.0
2925658	14.0
2925968	15.0
2925978	14.0
2926445	15.0
2929305	16.0
2929626	15.0
2929739	16.0
2931024	15.0
2931695	16.0
2932348	17.0
2932855	16.0
2993378	17.0
2993397	16.0
2993765	17.0
2993780	16.0
2993840	17.0
2995235	16.0
2995740	17.0
2996983	16.0
2997658	17.0
2997671	16.0
3115910	17.0
3117081	16.0
3118080	17.0
3118250	16.0
3118813	17.0
3119150	16.0
3259997	18.0
3260476	17.0
3260477	16.0
3261652	15.0
3262579	16.0
3263157	15.0
3263375	16.0
3263387	15.0
3263651	16.0
3263824	15.0
3264239	16.0
3352457	17.0
3352469	16.0
3357005	17.0
3357017	16.0
3357319	17.0
3357863	16.0
3432756	15.0
3435923	16.0
3440285	17.0
3440779	16.0
3440819	17.0
3440835	16.0
3440879	17.0
3440891	18.0
3440902	17.0
3440903	16.0
3440904	18.0
3440924	19.0
3441063	21.0
3441066	21.0
3441072	20.0
3441073	19.0
3441102	18.0
3441152	17.0
3441268	18.0
3441279	17.0
3442525	16.0
3442570	17.0
3442581	16.0
3442684	17.0
3442986	19.0
3443562	18.0
3443563	17.0
3444436	18.0
3444446	17.0
3444458	18.0
3444468	17.0
3444485	18.0
3444495	17.0
3444499	18.0
3444507	19.0
3444508	18.0
3444509	17.0
3444518	16.0
3444618	17.0
3444630	16.0
3444655	18.0
3444665	17.0
3444666	16.0
3444743	17.0
3445443	19.0
3445601	18.0
3445602	17.0
3445886	19.0
3446147	18.0
3446437	19.0
3446588	20.0
3446608	18.0
3446609	17.0
3446640	20.0
3446746	19.0
3446747	18.0
3446748	17.0
3446792	18.0
3446800	17.0
3446919	16.0
3447079	17.0
3447087	16.0
3447167	17.0
3447485	19.0
3447496	18.0
3447497	17.0
3447566	19.0
3447954	18.0
3447955	17.0
3447978	19.0
3448333	18.0
3448421	19.0
3449270	18.0
3449271	17.0
3449272	13.0
3449273	9.0
3449274	4.0
3449275	1.0
3449276	0.0
3449393	19.0
3451062	16.0
3451063	13.0
3451064	11.0
3451065	10.0
3451066	7.0
3451067	6.0
3451084	19.0
3451088	19.0
3451090	16.0
3451091	13.0
3451092	11.0
3451093	10.0
3451094	7.0
3451095	6.0
3451151	19.0
3451156	19.0
3451157	16.0
3451158	13.0
3451159	11.0
3451160	10.0
3451161	9.0
3451162	7.0
3451163	6.0
3451240	19.0
3451645	18.0
3451646	17.0
3451647	16.0
3451648	14.0
3451649	10.0
3451650	9.0
3451651	7.0
3451652	6.0
3451653	19.0
3451897	20.0
3452022	19.0
3452249	18.0
3452322	15.0
3452323	12.0
3452324	9.0
3452325	5.0
3452326	2.0
3452327	1.0
3452328	0.0
3452494	17.0
3452550	16.0
3452551	15.0
3452552	13.0
3452553	9.0
3452554	8.0
3452555	6.0
3452556	5.0
3452570	17.0
3452575	17.0
3452576	16.0
3452577	15.0
3452578	13.0
3452579	9.0
3452580	8.0
3452581	6.0
3452582	5.0
3452642	17.0
3452654	18.0
3452701	15.0
3452702	12.0
3452703	10.0
3452704	9.0
3452705	8.0
3452714	18.0
3452718	18.0
3452721	15.0
3452722	12.0
3452723	10.0
3452724	9.0
3452725	8.0
3452769	19.0
3452772	18.0
3452776	15.0
3452777	12.0
3452778	10.0
3452779	18.0
3452862	19.0
3452873	18.0
3452997	17.0
3452998	16.0
3452999	14.0
3453000	9.0
3453001	7.0
3453002	6.0
3453080	8.0
3453084	18.0
3453088	19.0
3453261	18.0
3453262	17.0
3453336	19.0
3453338	19.0
3453344	18.0
3453345	17.0
3453347	16.0
3453998	15.0
3453999	14.0
3454000	12.0
3454001	11.0
3454002	10.0
3454268	16.0
3454270	16.0
3454274	15.0
3454275	14.0
3454276	11.0
3454277	10.0
3454616	16.0
3455912	15.0
3455913	14.0
3455914	12.0
3455915	11.0
3455916	10.0
3456042	16.0
3456667	15.0
3456668	14.0
3456669	12.0
3456670	11.0
3456671	10.0
3456679	16.0
3456689	15.0
3456690	14.0
3456691	12.0
3456692	11.0
3456693	10.0
3456727	16.0
3456737	15.0
3456738	14.0
3456739	12.0
3456740	11.0
3456741	10.0
3457257	16.0
3457600	15.0
3457776	16.0
3457786	15.0
3457791	14.0
3457792	12.0
3457793	11.0
3457794	10.0
3458528	15.0
3511450	16.0
3511461	15.0
3527641	16.0
3528076	15.0
4035972	16.0
4035984	15.0
4038490	16.0
4038509	15.0
4048716	16.0
4049078	15.0
4059058	14.0
4059059	13.0
4059065	15.0
4059076	14.0
4059077	13.0
4059122	14.0
4059330	15.0
4059501	14.0
4059640	13.0
4059979	14.0
4060516	13.0
4060749	14.0
4061090	15.0
4062051	14.0
4062052	13.0
4062159	15.0
4063257	14.0
4063258	13.0
4063536	15.0
4065061	14.0
4066376	13.0
4066416	14.0
4066428	13.0
4124680	14.0
4125278	13.0
4132214	14.0
4132346	13.0
4133898	14.0
4133966	13.0
4134523	14.0
4135733	13.0
4135821	14.0
4135832	13.0
4135838	14.0
4135853	13.0
4470343	12.0
4470344	11.0
4471117	13.0
4472601	12.0
4472602	11.0
4473133	13.0
4473364	12.0
4473365	11.0
4473969	13.0
4473981	12.0
4473982	11.0
4474092	13.0
4474097	13.0
4474103	12.0
4474104	11.0
4476598	13.0
4476855	12.0
4476856	11.0
4485518	13.0
4486227	12.0
4486228	11.0
4486233	13.0
4486246	12.0
4486247	11.0
4486321	13.0
4487212	12.0
4487213	11.0
4487391	13.0
4488049	12.0
4488050	11.0
4550125	12.0
4553027	11.0
4553375	12.0
4553575	11.0
4553869	12.0
4553881	11.0
4554416	12.0
4554514	11.0
4554733	12.0
4555129	11.0
4556592	12.0
4556924	13.0
4556963	12.0
4557069	11.0
4557140	12.0
4557197	11.0
4557598	12.0
4557608	11.0
4557796	12.0
4558447	14.0
4558699	13.0
4559128	14.0
4559139	13.0
4559327	14.0
4559333	15.0
4559343	14.0
4559461	15.0
4559471	14.0
4560092	13.0
4560098	12.0
4560664	11.0
4560681	12.0
4560843	13.0
4561216	12.0
4561228	13.0
4561241	12.0
4561433	13.0
4561726	12.0
4562074	11.0
4563234	13.0
4563244	12.0
4563245	11.0
4563859	12.0
4565112	11.0
4565383	12.0
4565397	11.0
4565481	12.0
4565495	11.0
4580349	10.0
4580350	8.0
4580351	7.0
4580352	6.0
4580414	11.0
4580550	10.0
4580551	8.0
4580552	7.0
4580553	6.0
4580844	11.0
4581484	10.0
4581485	8.0
4581486	7.0
4581487	6.0
4581655	11.0
4582202	10.0
4582203	8.0
4582204	7.0
4582205	6.0
4582509	11.0
4582520	10.0
4582521	8.0
4582522	7.0
4582523	6.0
4582560	11.0
4583221	10.0
4583222	8.0
4583223	7.0
4583224	6.0
4583496	11.0
4583961	10.0
4583962	8.0
4583963	7.0
4583964	6.0
4584581	11.0
4585397	10.0
4585398	8.0
4585399	7.0
4585400	6.0
4585928	11.0
4627906	12.0
4628743	11.0
4635005	10.0
4635006	8.0
4635007	7.0
4635008	6.0
4635199	11.0
4635739	12.0
4635752	11.0
4635762	12.0
4635776	11.0
4635846	12.0
4635860	11.0
4636114	12.0
4636716	11.0
4636717	9.0
4636718	7.0
4636719	6.0
4636771	12.0
4637760	11.0
4637761	9.0
4637762	7.0
4637763	6.0
4637929	12.0
4639107	11.0
4639108	9.0
4639109	7.0
4639110	6.0
4639210	11.0
4640375	10.0
4640376	8.0
4640377	7.0
4640378	6.0
4641001	11.0
4641012	10.0
4641013	8.0
4641014	7.0
4641015	6.0
4642629	11.0
4642667	12.0
4643162	11.0
4643163	9.0
4643164	8.0
4643165	7.0
4643178	8.0
4643192	7.0
4643240	8.0
4643254	7.0
4643316	8.0
4643320	13.0
4643328	12.0
4643404	13.0
4643504	12.0
4643555	13.0
4643724	14.0
4643912	14.0
4644169	13.0
4644235	14.0
4644249	13.0
4644275	14.0
4644323	13.0
4644502	14.0
4644579	13.0
4644671	14.0
4644684	13.0
4644718	14.0
4644798	13.0
4644991	14.0
4645003	13.0
4645004	14.0
4645017	13.0
4645111	14.0
4645123	13.0
4647327	12.0
4647426	13.0
4647437	12.0
4647485	13.0
4647713	12.0
4647725	13.0
4647739	12.0
4647778	13.0
4648127	12.0
4648395	11.0
4649903	13.0
4649906	13.0
4649912	12.0
4649913	11.0
4650007	13.0
4650268	14.0
4650282	13.0
4650348	14.0
4651141	13.0
4651154	14.0
4651167	13.0
4651282	12.0
4651283	10.0
4651284	9.0
4651285	8.0
4651471	9.0
4651482	8.0
4653387	13.0
4653466	12.0
4653467	10.0
4653468	9.0
4653469	8.0
4653508	9.0
4653603	14.0
4653611	13.0
4653612	11.0
4653613	10.0
4653614	9.0
4653697	14.0
4654128	15.0
4654221	14.0
4654391	13.0
4654959	12.0
4654960	10.0
4654961	9.0
4654962	8.0
4654972	13.0
4654983	12.0
4654984	10.0
4654985	9.0
4654986	8.0
4655013	13.0
4655019	13.0
4655023	12.0
4655024	10.0
4655025	9.0
4655026	8.0
4655676	13.0
4655990	12.0
4656635	11.0
4656636	9.0
4656637	8.0
4656638	7.0
4656775	12.0
4656988	13.0
4657003	12.0
4657028	11.0
4657029	8.0
4657030	7.0
4657205	13.0
4657233	12.0
4657259	13.0
4657270	12.0
4657412	13.0
4657495	14.0
4658133	13.0
4658134	12.0
4658171	13.0
4658173	15.0
4658178	14.0
4658225	15.0
4658294	14.0
4658303	13.0
4658304	12.0
4658311	14.0
4658334	13.0
4658335	14.0
4658344	13.0
4658432	14.0
4658544	13.0
4658556	14.0
4659116	12.0
4659117	11.0
4659271	13.0
4659272	13.0
4659279	12.0
4659280	11.0
4659336	13.0
4659337	13.0
4659344	12.0
4659345	11.0
4659361	13.0
4659362	13.0
4659368	12.0
4659369	11.0
4659538	12.0
4659559	14.0
4661634	12.0
4661635	11.0
4661741	14.0
4661839	13.0
4662011	14.0
4662056	15.0
4662065	14.0
4662164	15.0
4662173	14.0
4662208	13.0
4662223	14.0
4662245	13.0
4664488	14.0
4665359	13.0
4665375	14.0
4665387	14.0
4665954	13.0
4667634	14.0
4667714	13.0
4667891	14.0
4667905	13.0
4671706	14.0
4671720	13.0
4671899	14.0
4671941	13.0
4733027	14.0
4733040	13.0
4737607	12.0
4738575	13.0
4738582	12.0
4739430	13.0
4739461	14.0
4739647	13.0
4739648	12.0
4740980	13.0
4740987	12.0
4741012	13.0
4741019	12.0
4742206	12.0
4742207	11.0
4742208	9.0
4742209	8.0
4742210	6.0
4742211	2.0
4742212	1.0
4742213	0.0
4742338	12.0
4742344	12.0
4742345	11.0
4742346	9.0
4742347	8.0
4742348	6.0
4742349	2.0
4742350	1.0
4742351	0.0
4742716	12.0
4742723	12.0
4742724	11.0
4742725	9.0
4742726	8.0
4742727	6.0
4742728	2.0
4742729	1.0
4742730	0.0
4742780	12.0
4743321	11.0
4743322	9.0
4743323	8.0
4743324	6.0
4743325	2.0
4743326	1.0
4743327	0.0
4743810	12.0
4744535	11.0
4744536	9.0
4744537	8.0
4744538	6.0
4744539	2.0
4744540	1.0
4744541	0.0
4744695	12.0
4744702	12.0
4744703	11.0
4744704	9.0
4744705	8.0
4744706	6.0
4744707	2.0
4744708	1.0
4744709	0.0
4744830	12.0
4745132	11.0
4745133	9.0
4745134	8.0
4745135	6.0
4745136	2.0
4745137	1.0
4745138	0.0
4745329	12.0
4745335	12.0
4745336	11.0
4745337	9.0
4745338	8.0
4745339	6.0
4745340	2.0
4745341	1.0
4745342	0.0
4745436	12.0
4745442	12.0
4745443	11.0
4745444	9.0
4745445	8.0
4745446	6.0
4745447	2.0
4745448	1.0
4745449	0.0
4745576	12.0
4745582	12.0
4745583	11.0
4745584	9.0
4745585	8.0
4745586	6.0
4745587	2.0
4745588	1.0
4745589	0.0
4745944	12.0
4746105	11.0
4746106	9.0
4746107	8.0
4746108	6.0
4746109	2.0
4746110	1.0
4746111	0.0
4747115	12.0
4747728	11.0
4747729	9.0
4747730	8.0
4747731	6.0
4747732	2.0
4747733	1.0
4747734	0.0
4748024	12.0
4748644	12.0
4748645	11.0
4748646	9.0
4748647	8.0
4748648	6.0
4748649	2.0
4748650	1.0
4748651	0.0
4749232	12.0
4749239	12.0
4749240	11.0
4749241	9.0
4749242	8.0
4749243	6.0
4749244	2.0
4749245	1.0
4749246	0.0
4749247	12.0
4749602	11.0
4749603	9.0
4749604	8.0
4749605	6.0
4749606	2.0
4749607	1.0
4749608	0.0
4749958	12.0
4750329	13.0
4750337	12.0
4750406	11.0
4750407	9.0
4750408	8.0
4750409	6.0
4750410	2.0
4750411	1.0
4750412	0.0
4750440	12.0
4750966	12.0
4750967	11.0
4750968	9.0
4750969	8.0
4750970	6.0
4750971	2.0
4750972	1.0
4750973	0.0
4751642	12.0
4757841	12.0
4757842	11.0
4757843	9.0
4757844	8.0
4757845	6.0
4757846	2.0
4757847	1.0
4757848	0.0
4758150	12.0
4758544	12.0
4758545	11.0
4758546	9.0
4758547	8.0
4758548	6.0
4758549	2.0
4758550	1.0
4758551	0.0
4759002	12.0
4759008	12.0
4759009	11.0
4759010	9.0
4759011	8.0
4759012	6.0
4759013	2.0
4759014	1.0
4759015	0.0
4759535	12.0
4759582	12.0
4759583	11.0
4759584	9.0
4759585	8.0
4759586	6.0
4759587	2.0
4759588	1.0
4759589	0.0
5347334	1.0
5347642	2.0
5348530	3.0
5348544	2.0
5348645	1.0
5349813	0.0
5412607	1.0
5413272	0.0
5414053	1.0
5414467	0.0
5420509	1.0
5420891	0.0
5421256	1.0
5421270	0.0
5421389	1.0
5421402	0.0
5421553	1.0
5421810	0.0
5422184	1.0
5423051	0.0
5423062	1.0
5423076	0.0
5423778	1.0
5423926	2.0
5424048	1.0
5424859	0.0
5424871	1.0
5424884	0.0
5425625	1.0
5427862	0.0
