847002	2.0
849476	1.0
850293	2.0
850307	1.0
850750	2.0
855229	1.0
855333	2.0
855643	1.0
855686	2.0
857124	1.0
857199	2.0
857449	1.0
928240	2.0
928255	1.0
929717	2.0
932890	1.0
932986	2.0
936618	1.0
936755	2.0
937485	1.0
937604	2.0
937619	1.0
937874	2.0
937888	1.0
938237	2.0
938252	1.0
938569	2.0
942250	1.0
942604	2.0
942618	1.0
942692	2.0
943333	1.0
943350	2.0
943793	1.0
1012690	3.0
1015568	2.0
1015569	1.0
1017504	3.0
1017786	2.0
1017787	1.0
1018043	3.0
1018759	2.0
1018760	1.0
1019014	3.0
1019696	2.0
1019697	1.0
1020253	3.0
1020260	3.0
1020266	2.0
1020267	1.0
1020371	3.0
1020378	3.0
1020384	2.0
1020385	1.0
1020416	3.0
1020423	3.0
1020429	2.0
1020430	1.0
1020692	3.0
1021332	2.0
1021333	1.0
1021584	3.0
1024476	2.0
1024477	1.0
1024709	3.0
1024906	2.0
1024907	1.0
1025041	3.0
1025048	3.0
1025054	2.0
1025055	1.0
1025455	3.0
1025469	2.0
1025470	1.0
1025756	3.0
1026337	2.0
1026338	1.0
1026604	3.0
1029434	2.0
1029435	1.0
1030143	3.0
1030313	2.0
1030314	1.0
1030384	3.0
1030398	2.0
1030399	1.0
1030666	3.0
1031702	2.0
1031703	1.0
1031891	3.0
1032137	2.0
1032138	1.0
1032443	3.0
1039524	23.0
1040172	21.0
1040173	19.0
1040174	15.0
1040175	8.0
1040176	4.0
1040177	3.0
1040404	23.0
1042216	22.0
1042217	21.0
1042218	17.0
1042219	10.0
1042220	4.0
1042221	3.0
1042252	23.0
1042263	21.0
1042264	19.0
1042265	15.0
1042266	8.0
1042267	4.0
1042268	3.0
1042367	23.0
1042982	22.0
1042983	23.0
1042993	22.0
1042994	20.0
1042995	16.0
1042996	9.0
1042997	4.0
1042998	3.0
1043097	23.0
1045524	22.0
1045525	20.0
1045526	17.0
1045527	9.0
1045528	4.0
1045529	3.0
1045646	23.0
1046429	22.0
1046430	21.0
1046431	17.0
1046432	10.0
1046433	4.0
1046434	3.0
1046553	23.0
1046564	22.0
1046565	20.0
1046566	16.0
1046567	9.0
1046568	4.0
1046569	3.0
1046642	23.0
1046653	22.0
1046654	20.0
1046655	16.0
1046656	9.0
1046657	4.0
1046658	3.0
1046771	23.0
1046781	22.0
1046782	20.0
1046783	16.0
1046784	9.0
1046785	4.0
1046786	3.0
1046918	23.0
1046928	22.0
1046929	20.0
1046930	16.0
1046931	9.0
1046932	4.0
1046933	3.0
1047149	23.0
1047159	22.0
1047160	20.0
1047161	16.0
1047162	9.0
1047163	4.0
1047164	3.0
1047260	23.0
1047270	22.0
1047271	20.0
1047272	16.0
1047273	9.0
1047274	4.0
1047275	3.0
1047306	23.0
1047317	22.0
1047318	20.0
1047319	16.0
1047320	9.0
1047321	4.0
1047322	3.0
1047479	23.0
1053437	22.0
1106218	21.0
1106219	20.0
1106849	22.0
1110625	23.0
1110649	22.0
1110666	23.0
1110677	22.0
1110693	23.0
1111292	24.0
1111307	23.0
1111510	24.0
1112009	23.0
1112135	21.0
1112136	20.0
1112219	21.0
1112234	20.0
1112278	23.0
1112411	24.0
1112423	23.0
1112487	24.0
1112909	23.0
1113125	24.0
1113779	23.0
1116092	21.0
1116093	20.0
1116152	23.0
1116167	21.0
1116168	20.0
1116216	23.0
1120353	24.0
1120460	23.0
1121008	22.0
1121009	21.0
1121010	20.0
1121058	23.0
1121624	21.0
1121625	20.0
1121735	23.0
1122080	22.0
1122081	21.0
1122082	20.0
1123010	23.0
1123403	21.0
1123404	20.0
1123589	19.0
1123905	22.0
1124157	20.0
1124158	19.0
1126344	22.0
1126358	20.0
1126359	19.0
1127277	22.0
1127291	20.0
1127292	19.0
1128586	22.0
1129054	20.0
1129055	19.0
1209316	21.0
1209331	20.0
1209332	19.0
1209526	21.0
1210092	20.0
1210093	19.0
1210480	21.0
1213024	20.0
1213367	21.0
1214584	20.0
1214654	21.0
1214811	20.0
1214955	21.0
1221513	20.0
1237341	21.0
1237891	20.0
1238314	21.0
1238923	20.0
1239973	21.0
1240010	20.0
1240689	21.0
1240704	20.0
1240846	21.0
1240860	20.0
1241193	21.0
1241207	20.0
1241474	21.0
1241676	20.0
1241730	21.0
1241745	20.0
1241881	21.0
1242513	20.0
1243557	21.0
1243571	20.0
1243722	21.0
1244276	20.0
1244513	21.0
1244528	20.0
1244559	21.0
1245218	20.0
1245473	21.0
1246113	20.0
1246317	21.0
1247175	20.0
1248962	21.0
1248976	20.0
1249046	21.0
1249060	20.0
1249205	21.0
1249579	20.0
1250740	21.0
1251553	20.0
1252673	21.0
1253316	20.0
1254434	21.0
1254637	20.0
1254755	21.0
1255132	20.0
1255394	21.0
1257939	20.0
1258129	21.0
1258789	20.0
1258966	21.0
1258981	20.0
1259103	21.0
1259588	20.0
1259834	21.0
1260523	20.0
1260792	21.0
1260930	20.0
1261057	21.0
1261071	20.0
1261190	21.0
1261415	20.0
1261636	21.0
1262314	20.0
1262533	21.0
1263283	20.0
1263475	21.0
1264114	20.0
1264449	21.0
1265070	20.0
1266114	21.0
1267723	20.0
1268039	21.0
1268680	20.0
1269019	21.0
1269515	20.0
1276036	21.0
1279452	20.0
1282305	21.0
1282319	20.0
1282340	21.0
1282354	20.0
1282564	21.0
1285358	20.0
1285552	21.0
1286327	20.0
1287030	21.0
1323337	20.0
1323474	21.0
1324117	20.0
1324496	21.0
1324992	20.0
1325173	21.0
1325884	20.0
1326081	21.0
1326096	20.0
1326209	21.0
1326784	20.0
1326967	21.0
1326982	20.0
1327116	21.0
1327130	20.0
1327355	21.0
1327369	20.0
1327489	21.0
1327503	20.0
1327702	21.0
1327716	20.0
1328755	21.0
1329643	20.0
1330554	21.0
1331403	20.0
1333274	21.0
1336765	20.0
1336912	21.0
1337594	20.0
1338436	21.0
1338450	20.0
1339554	21.0
1340422	20.0
1340583	21.0
1340598	20.0
1340633	21.0
1342008	20.0
1342273	21.0
1344001	20.0
1344954	21.0
1345728	20.0
1347633	21.0
1349383	20.0
1350353	21.0
1360251	20.0
1360267	21.0
1360281	20.0
1362959	21.0
1365457	20.0
1366729	21.0
1367318	20.0
1371402	21.0
1398143	20.0
1398377	21.0
1398391	20.0
1398541	21.0
1403379	20.0
1404151	21.0
1409514	20.0
1409865	21.0
1410148	20.0
1411589	21.0
1412417	20.0
1413138	21.0
1413153	20.0
1413219	21.0
1413234	20.0
1413339	21.0
1414062	20.0
1414268	21.0
1415916	20.0
1415993	21.0
1417711	20.0
1417869	21.0
1418558	20.0
1418761	21.0
1419595	20.0
1419753	21.0
1419768	20.0
1419788	21.0
1420367	20.0
1423088	21.0
1423103	20.0
1423124	21.0
1423139	20.0
1423348	21.0
1423953	20.0
1425791	21.0
1425805	20.0
1426009	21.0
1426692	20.0
1427041	21.0
1427638	20.0
1427897	21.0
1428453	20.0
1429550	21.0
1429564	20.0
1429669	21.0
1430064	20.0
1430171	21.0
1430185	20.0
1430260	21.0
1430274	20.0
1431390	21.0
1432140	20.0
1433187	21.0
1433876	20.0
1434267	21.0
1434772	20.0
1434990	21.0
1435020	20.0
1435191	21.0
1436484	20.0
1437668	21.0
1443878	20.0
1449010	21.0
1449273	22.0
1449399	21.0
1449417	22.0
1449430	21.0
1449601	22.0
1450470	21.0
1450483	22.0
1450745	23.0
1452204	22.0
1452465	21.0
1452713	22.0
1453513	23.0
1454312	22.0
1454631	23.0
1454642	22.0
1454834	23.0
1455178	22.0
1455632	23.0
1455644	22.0
1464201	23.0
1464239	22.0
1464310	23.0
1464321	22.0
1464654	23.0
1464677	22.0
1464688	23.0
1464699	22.0
1464950	23.0
1464960	22.0
1465311	23.0
1465835	22.0
1466003	23.0
1468346	22.0
1468667	23.0
1468965	22.0
1468977	23.0
1468990	22.0
1469121	23.0
1469358	22.0
1469372	23.0
1473490	24.0
1474066	23.0
1474175	24.0
1490523	25.0
1490538	24.0
1490993	25.0
1495055	24.0
1495659	25.0
1497908	24.0
1500642	25.0
1522298	24.0
1530382	25.0
1532654	24.0
1532728	25.0
1533809	24.0
1534037	25.0
1534216	24.0
1535942	25.0
1536642	24.0
1536832	25.0
1536847	24.0
1536870	25.0
1537415	24.0
1537468	25.0
1537541	24.0
1537707	25.0
1547202	24.0
1547203	23.0
1547641	25.0
1548283	24.0
1548284	23.0
1548371	25.0
1550097	24.0
1550126	23.0
1550127	22.0
1550680	25.0
1550695	23.0
1550696	22.0
1550913	24.0
1550928	23.0
1550929	22.0
1551637	25.0
1552652	24.0
1553360	25.0
1553376	24.0
1553383	25.0
1553398	24.0
1553606	23.0
1553607	22.0
1553663	24.0
1553678	23.0
1553679	22.0
1553888	23.0
1553903	22.0
1554428	25.0
1554717	24.0
1554954	25.0
1555334	24.0
1555601	23.0
1555602	22.0
1556226	24.0
1556241	23.0
1556242	22.0
1556801	24.0
1556886	25.0
1556902	24.0
1557066	25.0
1557081	24.0
1557142	25.0
1560049	23.0
1560050	22.0
1629813	23.0
1637679	24.0
1637690	23.0
1637798	24.0
1638221	23.0
1638267	24.0
1638390	23.0
1638841	24.0
1640078	20.0
1640079	19.0
1648588	15.0
1648589	6.0
1648590	1.0
1648591	0.0
1649383	19.0
1651159	15.0
1651160	6.0
1651161	1.0
1651162	0.0
1651172	19.0
1651648	16.0
1651649	7.0
1651650	1.0
1651651	0.0
1651773	19.0
1652232	18.0
1652233	11.0
1652234	2.0
1652235	0.0
1714030	1.0
1714045	0.0
1714161	1.0
1715004	2.0
1717613	1.0
1717744	2.0
1717759	1.0
1717890	2.0
1718478	1.0
1718585	0.0
1718644	1.0
1719679	2.0
1720375	1.0
1720408	2.0
1730297	1.0
1731237	2.0
2052710	1.0
2052789	2.0
2053453	1.0
2053748	2.0
2053763	1.0
2054085	2.0
2054635	1.0
2054645	2.0
2062294	1.0
2062431	2.0
2062446	1.0
2063433	2.0
2063447	1.0
2063624	2.0
2064339	1.0
2064751	2.0
2064765	1.0
2065082	2.0
2074192	1.0
2222756	3.0
2223758	2.0
2223759	1.0
2224932	3.0
2225627	2.0
2225628	1.0
2225848	3.0
2225855	3.0
2225861	2.0
2225862	1.0
2226081	3.0
2232152	2.0
2232153	1.0
2244086	3.0
2244470	2.0
2244471	1.0
2244691	3.0
2263867	2.0
2264650	3.0
2264663	2.0
2266067	3.0
2266081	2.0
2266393	3.0
2266406	2.0
2266455	3.0
2267280	2.0
2268950	3.0
2271847	2.0
2272176	3.0
2272700	2.0
2274338	3.0
2275425	2.0
2275912	3.0
2276399	2.0
2277373	3.0
2277386	2.0
2277814	3.0
2278196	2.0
2279017	3.0
2279030	2.0
2279918	3.0
2279932	2.0
2280369	3.0
2280780	2.0
2281180	3.0
2281194	2.0
2282169	3.0
2282774	2.0
2282806	3.0
2283645	2.0
2284324	3.0
2287101	2.0
2290007	3.0
2290726	2.0
2292419	3.0
2292557	2.0
2293447	3.0
2293460	2.0
2293471	3.0
2293485	2.0
2293571	3.0
2293584	2.0
2295971	3.0
2296141	2.0
2349049	3.0
2350240	2.0
2350749	3.0
2351999	2.0
2352597	3.0
2352949	2.0
2353091	3.0
2355569	2.0
2358428	3.0
2360083	2.0
2360090	3.0
2360103	2.0
2360622	3.0
2360635	2.0
2360791	3.0
2361013	2.0
2362751	3.0
2362764	2.0
2362954	3.0
2364456	2.0
2369264	3.0
2374677	2.0
2374743	3.0
2375043	2.0
2375163	3.0
2375176	2.0
2376465	3.0
2377314	2.0
2380065	3.0
2384534	2.0
2406811	1.0
2407403	2.0
2407418	1.0
2407697	2.0
2410020	1.0
2410098	2.0
2410658	1.0
2410996	2.0
2411010	1.0
2411303	2.0
2411318	1.0
2411655	2.0
2411669	1.0
2411700	2.0
2411714	1.0
2411853	2.0
2411868	1.0
2411980	2.0
2412582	1.0
2412909	2.0
2414945	1.0
2415172	2.0
2528216	3.0
2528273	2.0
2528641	3.0
2532654	2.0
2533056	3.0
2533733	2.0
2533975	3.0
2534652	2.0
2534719	3.0
2534732	2.0
2534980	3.0
2535541	2.0
2535785	3.0
2536402	2.0
2536699	3.0
2537304	2.0
2538418	3.0
2541079	2.0
2541292	3.0
2541987	2.0
2544738	3.0
2549059	2.0
2550139	3.0
2551005	2.0
2551055	3.0
2551747	2.0
2551975	3.0
2552653	2.0
2552901	3.0
2553487	2.0
2553784	3.0
2554434	2.0
2556459	3.0
2557158	2.0
2559658	3.0
2559881	2.0
2560088	3.0
2560741	2.0
2564899	3.0
2566163	2.0
2566863	3.0
2566877	2.0
2566987	3.0
2570576	2.0
2573022	3.0
2573478	2.0
2573857	3.0
2574386	2.0
2575511	3.0
2576367	2.0
2581346	3.0
2583971	2.0
2584099	3.0
2584113	2.0
2584146	3.0
2584160	2.0
2584409	3.0
2584549	2.0
2584551	3.0
2586388	2.0
2587270	3.0
2587284	2.0
2588986	3.0
2589920	2.0
2591024	3.0
2591038	2.0
2591316	3.0
2591329	2.0
2654053	1.0
2654573	2.0
2655125	1.0
2655539	2.0
2662139	1.0
2662297	2.0
2662312	1.0
2662911	2.0
2663255	1.0
2663522	2.0
2666452	1.0
2666899	2.0
2667732	1.0
2667826	2.0
2667841	1.0
2669836	2.0
2670412	1.0
2670507	2.0
2673015	1.0
2673063	2.0
2673077	1.0
2673490	2.0
2674711	1.0
2674944	2.0
2675461	1.0
2677731	2.0
2677745	1.0
2738974	2.0
2740555	1.0
2740711	2.0
2748071	1.0
2748339	2.0
2749136	1.0
2749137	0.0
2749303	2.0
2749429	1.0
2749459	2.0
2749474	1.0
2749898	2.0
2750629	1.0
2750645	2.0
2750857	1.0
2752402	0.0
2753855	1.0
2753870	0.0
2754235	1.0
2754250	0.0
2754315	1.0
2754330	0.0
2754591	1.0
2754999	0.0
2755493	1.0
2762023	2.0
2765292	3.0
2765850	2.0
2819450	3.0
2819486	2.0
2819555	3.0
2820537	2.0
2824130	1.0
2824407	2.0
2826760	1.0
2827197	2.0
2827845	1.0
2828605	2.0
2828621	1.0
2829011	2.0
2834929	1.0
2835172	2.0
2835882	1.0
2836017	2.0
2836894	1.0
2837995	2.0
2838869	1.0
2839237	2.0
2839252	1.0
2839697	2.0
2840336	1.0
3258252	2.0
3258919	1.0
3258950	2.0
3258964	1.0
3259340	2.0
3259805	1.0
3260679	2.0
3260694	1.0
3261432	2.0
3261447	1.0
3261809	2.0
3262534	1.0
3263305	0.0
3263350	1.0
3264038	2.0
3267055	1.0
3267255	2.0
3267732	1.0
3267943	2.0
3273973	1.0
3273974	0.0
3274214	2.0
3274228	1.0
3274229	0.0
3274374	2.0
3274534	1.0
3274535	0.0
3277597	2.0
3277612	1.0
3277613	0.0
3277647	2.0
3277662	1.0
3277663	0.0
3278399	2.0
3278519	1.0
3278520	0.0
3278881	2.0
3279554	1.0
3279555	0.0
3279881	2.0
3280330	1.0
3280331	0.0
3280608	2.0
3281237	1.0
3281238	0.0
3281299	2.0
3281487	1.0
3281488	0.0
3281522	2.0
3281537	1.0
3281538	0.0
3282514	2.0
3283102	1.0
3283103	0.0
3283481	2.0
3283821	1.0
3283822	0.0
3352774	2.0
3353283	1.0
3353302	0.0
3353566	1.0
3353582	0.0
3353750	1.0
3353985	2.0
3353999	1.0
3354112	0.0
3354302	2.0
3359555	1.0
3428544	2.0
3430856	1.0
3433406	2.0
3433523	1.0
3434658	2.0
3437168	1.0
3437546	2.0
3439468	1.0
3440503	2.0
3440517	1.0
3441808	0.0
3441985	1.0
3442001	0.0
3442364	1.0
3442658	0.0
3442831	1.0
3442846	0.0
3442857	1.0
3443522	0.0
3443545	1.0
3443561	0.0
3443739	2.0
3444707	1.0
3444709	0.0
3518980	1.0
3519062	2.0
3522254	1.0
3522297	2.0
3522436	1.0
3522509	2.0
3523152	1.0
3523182	2.0
3523197	1.0
3523229	2.0
3528890	1.0
3529345	2.0
3529535	1.0
3535783	2.0
3535798	1.0
3536052	2.0
3537247	1.0
3537479	2.0
3537494	1.0
3537574	2.0
3537590	1.0
3537628	2.0
3537643	1.0
3537911	0.0
3603041	2.0
3603548	1.0
3603549	0.0
3603697	2.0
3605323	1.0
3605324	0.0
3605472	1.0
3605600	2.0
3607287	1.0
3607321	2.0
3607336	1.0
3607612	2.0
3607772	1.0
3607797	2.0
3608820	1.0
3609744	2.0
3609760	1.0
3609812	2.0
3609828	1.0
3609967	2.0
3611679	1.0
3611680	0.0
3611776	2.0
3615418	1.0
3615419	0.0
3621076	2.0
3621249	1.0
3621744	2.0
3621781	1.0
3621794	2.0
3622168	1.0
3622566	0.0
3622664	1.0
3622805	2.0
3623293	1.0
3623294	0.0
3623468	2.0
3623483	1.0
3623484	0.0
3623618	2.0
3623633	1.0
3623634	0.0
3623651	2.0
3623779	1.0
3623780	0.0
