233401	1.0
235120	0.0
236595	1.0
236788	2.0
237089	1.0
237138	0.0
237250	1.0
237329	0.0
237364	2.0
289216	1.0
289217	0.0
320970	2.0
321013	1.0
321014	0.0
416185	1.0
416668	2.0
416682	1.0
417348	2.0
417959	1.0
417960	0.0
429819	2.0
430748	1.0
430749	0.0
431762	1.0
431782	0.0
500541	2.0
500564	1.0
500565	0.0
500626	1.0
500640	0.0
501413	1.0
501427	0.0
501944	1.0
501958	0.0
502368	1.0
505567	2.0
506115	0.0
506124	2.0
506144	0.0
506935	2.0
507159	3.0
508386	2.0
508387	0.0
508399	3.0
508418	2.0
508419	0.0
509983	3.0
509996	2.0
509997	0.0
510136	3.0
510149	2.0
510150	0.0
510336	3.0
510349	2.0
510350	0.0
510787	6.0
510797	5.0
510798	4.0
510799	3.0
510800	2.0
510801	0.0
510803	6.0
510813	5.0
510814	4.0
510815	3.0
510816	2.0
510817	0.0
511046	6.0
512931	5.0
512932	4.0
512933	3.0
512934	2.0
512935	0.0
854443	2.0
857301	0.0
941827	1.0
945521	2.0
945536	1.0
1032071	13.0
1032074	15.0
1032077	18.0
1032284	17.0
1032308	18.0
1032405	16.0
1032406	15.0
1032407	10.0
1032408	7.0
1032409	6.0
1032985	18.0
1032992	18.0
1032995	16.0
1032996	13.0
1032997	9.0
1032998	7.0
1032999	6.0
1033143	18.0
1033272	16.0
1033273	15.0
1033274	10.0
1033275	7.0
1033276	6.0
1033384	18.0
1033390	18.0
1033393	16.0
1033394	15.0
1033395	10.0
1033396	7.0
1033397	6.0
1033500	18.0
1036393	19.0
1036407	18.0
1036410	19.0
1036429	18.0
1036452	19.0
1036610	18.0
1039529	22.0
1040174	21.0
1040175	20.0
1040176	19.0
1040177	18.0
1040409	22.0
1042218	21.0
1042219	20.0
1042220	19.0
1042221	18.0
1042257	22.0
1042265	21.0
1042266	20.0
1042267	19.0
1042268	18.0
1042372	22.0
1042984	21.0
1042985	20.0
1042986	19.0
1042987	18.0
1042988	22.0
1042991	22.0
1042995	21.0
1042996	20.0
1042997	19.0
1042998	18.0
1043102	22.0
1045526	21.0
1045527	20.0
1045528	19.0
1045529	18.0
1045651	22.0
1046431	21.0
1046432	20.0
1046433	19.0
1046434	18.0
1046558	22.0
1046566	21.0
1046567	20.0
1046568	19.0
1046569	18.0
1046647	22.0
1046655	21.0
1046656	20.0
1046657	19.0
1046658	18.0
1046776	22.0
1046779	22.0
1046783	21.0
1046784	20.0
1046785	19.0
1046786	18.0
1046923	22.0
1046926	22.0
1046930	21.0
1046931	20.0
1046932	19.0
1046933	18.0
1047154	22.0
1047157	22.0
1047161	21.0
1047162	20.0
1047163	19.0
1047164	18.0
1047265	22.0
1047268	22.0
1047272	21.0
1047273	20.0
1047274	19.0
1047275	18.0
1047311	22.0
1047319	21.0
1047320	20.0
1047321	19.0
1047322	18.0
1047484	22.0
1053437	21.0
1106218	20.0
1106219	19.0
1106855	21.0
1109096	20.0
1109097	19.0
1109100	21.0
1110627	22.0
1110649	21.0
1110664	22.0
1110677	21.0
1110691	22.0
1111290	23.0
1111307	22.0
1111508	23.0
1112009	22.0
1112135	20.0
1112136	19.0
1112223	20.0
1112234	19.0
1112284	22.0
1112286	22.0
1112409	23.0
1112423	22.0
1112491	23.0
1112909	22.0
1113127	23.0
1113779	22.0
1116092	20.0
1116093	19.0
1116155	22.0
1116167	20.0
1116168	19.0
1116219	22.0
1120355	23.0
1120460	22.0
1121008	21.0
1121009	20.0
1121010	19.0
1121064	22.0
1121624	20.0
1121625	19.0
1121741	22.0
1122080	21.0
1122081	20.0
1122082	19.0
1123016	22.0
1123403	20.0
1123404	19.0
1123589	18.0
1123911	21.0
1124157	19.0
1124158	18.0
1126350	21.0
1126352	21.0
1126358	19.0
1126359	18.0
1127283	21.0
1127285	21.0
1127291	19.0
1127292	18.0
1128592	21.0
1129054	19.0
1129055	18.0
1209322	20.0
1209331	19.0
1209332	18.0
1209532	20.0
1210092	19.0
1210093	18.0
1210486	20.0
1213024	19.0
1213373	20.0
1214584	19.0
1214660	20.0
1214811	19.0
1214961	20.0
1221513	19.0
1237347	20.0
1237891	19.0
1238320	20.0
1238923	19.0
1239979	20.0
1240010	19.0
1240695	20.0
1240704	19.0
1240852	20.0
1240860	19.0
1241199	20.0
1241207	19.0
1241480	20.0
1241676	19.0
1241736	20.0
1241745	19.0
1241887	20.0
1242513	19.0
1243563	20.0
1243571	19.0
1243728	20.0
1244276	19.0
1244519	20.0
1244528	19.0
1244565	20.0
1245218	19.0
1245479	20.0
1246113	19.0
1246323	20.0
1247175	19.0
1248968	20.0
1248976	19.0
1249052	20.0
1249060	19.0
1249211	20.0
1249579	19.0
1250746	20.0
1251553	19.0
1252679	20.0
1253316	19.0
1254440	20.0
1254637	19.0
1254761	20.0
1255132	19.0
1255400	20.0
1257939	19.0
1258135	20.0
1258789	19.0
1258972	20.0
1258981	19.0
1259109	20.0
1259588	19.0
1259840	20.0
1260523	19.0
1260798	20.0
1260930	19.0
1261063	20.0
1261071	19.0
1261196	20.0
1261415	19.0
1261642	20.0
1262314	19.0
1262539	20.0
1263283	19.0
1263481	20.0
1264114	19.0
1264455	20.0
1265070	19.0
1266120	20.0
1267723	19.0
1268045	20.0
1268680	19.0
1269025	20.0
1269515	19.0
1276042	20.0
1279452	19.0
1282311	20.0
1282319	19.0
1282346	20.0
1282354	19.0
1282570	20.0
1285358	19.0
1285558	20.0
1286327	19.0
1287036	20.0
1323337	19.0
1323479	20.0
1324117	19.0
1324501	20.0
1324992	19.0
1325178	20.0
1325884	19.0
1326086	20.0
1326096	19.0
1326214	20.0
1326784	19.0
1326972	20.0
1326982	19.0
1327121	20.0
1327130	19.0
1327360	20.0
1327369	19.0
1327494	20.0
1327503	19.0
1327707	20.0
1327716	19.0
1328760	20.0
1329643	19.0
1330559	20.0
1331403	19.0
1333279	20.0
1336765	19.0
1336917	20.0
1337594	19.0
1338441	20.0
1338450	19.0
1339559	20.0
1340422	19.0
1340588	20.0
1340598	19.0
1340638	20.0
1342008	19.0
1342278	20.0
1344001	19.0
1344959	20.0
1345728	19.0
1347638	20.0
1349383	19.0
1350358	20.0
1360251	19.0
1360272	20.0
1360281	19.0
1362964	20.0
1365457	19.0
1366734	20.0
1367318	19.0
1371407	20.0
1398143	19.0
1398382	20.0
1398391	19.0
1398546	20.0
1403379	19.0
1404156	20.0
1409514	19.0
1409870	20.0
1410148	19.0
1411594	20.0
1412417	19.0
1413143	20.0
1413153	19.0
1413224	20.0
1413234	19.0
1413344	20.0
1414062	19.0
1414273	20.0
1415916	19.0
1415998	20.0
1416855	19.0
1416857	20.0
1417711	19.0
1417874	20.0
1418558	19.0
1418766	20.0
1419595	19.0
1419758	20.0
1419768	19.0
1419793	20.0
1420367	19.0
1423093	20.0
1423103	19.0
1423129	20.0
1423139	19.0
1423353	20.0
1423953	19.0
1425796	20.0
1425805	19.0
1426014	20.0
1426692	19.0
1427046	20.0
1427638	19.0
1427902	20.0
1428453	19.0
1429555	20.0
1429564	19.0
1429674	20.0
1430064	19.0
1430176	20.0
1430185	19.0
1430265	20.0
1430274	19.0
1431395	20.0
1432140	19.0
1433192	20.0
1433876	19.0
1434272	20.0
1434772	19.0
1434995	20.0
1435020	19.0
1435196	20.0
1436484	19.0
1437673	20.0
1443878	19.0
1449015	20.0
1449270	21.0
1449399	20.0
1449414	21.0
1449430	20.0
1449598	21.0
1450470	20.0
1450480	21.0
1450748	22.0
1452204	21.0
1452465	20.0
1452718	21.0
1453510	22.0
1454312	21.0
1454628	22.0
1454642	21.0
1454831	22.0
1455178	21.0
1455629	22.0
1455644	21.0
1464197	22.0
1464239	21.0
1464306	22.0
1464321	21.0
1464650	22.0
1464677	21.0
1464684	22.0
1464699	21.0
1464946	22.0
1464960	21.0
1465307	22.0
1465835	21.0
1465999	22.0
1468346	21.0
1468665	22.0
1468965	21.0
1468975	22.0
1468990	21.0
1469119	22.0
1469358	21.0
1469370	22.0
1473486	23.0
1474066	22.0
1474171	23.0
1490528	24.0
1490538	23.0
1490998	24.0
1495055	23.0
1495664	24.0
1497908	23.0
1500647	24.0
1522298	23.0
1530387	24.0
1532654	23.0
1532732	24.0
1533809	23.0
1534042	24.0
1534216	23.0
1535947	24.0
1536642	23.0
1536837	24.0
1536847	23.0
1536875	24.0
1537415	23.0
1537473	24.0
1537541	23.0
1537712	24.0
1547202	23.0
1547203	22.0
1547646	24.0
1547656	23.0
1547657	22.0
1547658	24.0
1548283	23.0
1548284	22.0
1548376	24.0
1550097	23.0
1550126	22.0
1550127	21.0
1550685	24.0
1550695	22.0
1550696	21.0
1550918	23.0
1550928	22.0
1550929	21.0
1551642	24.0
1552652	23.0
1553365	24.0
1553376	23.0
1553388	24.0
1553398	23.0
1553606	22.0
1553607	21.0
1553668	23.0
1553678	22.0
1553679	21.0
1553894	22.0
1553903	21.0
1554433	24.0
1554717	23.0
1554960	24.0
1555334	23.0
1555601	22.0
1555602	21.0
1556232	23.0
1556241	22.0
1556242	21.0
1556807	23.0
1556892	24.0
1556902	23.0
1557072	24.0
1557081	23.0
1557148	24.0
1560049	22.0
1560050	21.0
1629814	22.0
1637675	23.0
1637690	22.0
1637794	23.0
1638221	22.0
1638265	23.0
1638390	22.0
1638841	23.0
1640075	22.0
1640076	16.0
1640077	8.0
1640078	5.0
1640079	4.0
1640105	3.0
2059898	4.0
2061769	21.0
2061886	20.0
2061887	21.0
2061897	20.0
2061898	14.0
2061899	7.0
2061900	5.0
2061901	4.0
2062382	3.0
2063868	20.0
2063878	19.0
2063879	13.0
2063880	6.0
2063881	4.0
2063882	3.0
2064238	4.0
2064653	3.0
2066689	20.0
2066701	16.0
2066702	8.0
2066703	4.0
2066704	3.0
2066940	20.0
2067420	16.0
2067421	20.0
2067433	16.0
2067434	8.0
2067435	4.0
2067436	3.0
2067498	20.0
2067510	16.0
2067511	8.0
2067512	4.0
2067513	3.0
2067940	20.0
2068324	16.0
2068325	8.0
2068326	4.0
2068327	3.0
2068494	20.0
2072066	16.0
2072067	8.0
2072068	4.0
2072069	3.0
2136951	21.0
2137178	20.0
2137179	15.0
2137180	8.0
2137181	5.0
2137182	4.0
2137183	3.0
2237924	22.0
2237935	21.0
2237936	15.0
2237937	8.0
2237938	4.0
2237939	3.0
2238158	22.0
2238274	23.0
2238289	22.0
2238290	23.0
2238664	22.0
2238778	23.0
2239340	24.0
2239353	23.0
2240658	24.0
2241749	23.0
2241750	22.0
2241831	24.0
2241897	23.0
2241898	22.0
2241949	24.0
2242133	23.0
2242162	22.0
2242163	21.0
2242201	23.0
2242314	24.0
2242326	23.0
2242447	24.0
2242611	23.0
2242678	24.0
2242692	23.0
2242704	24.0
2242718	23.0
2242726	24.0
2244659	25.0
2245773	24.0
2247792	23.0
2247956	24.0
2247970	23.0
2248399	24.0
2248409	23.0
2248422	24.0
2248435	23.0
2251900	22.0
2257954	21.0
2317951	23.0
2318810	24.0
2318823	23.0
2318884	24.0
2319069	23.0
2319096	22.0
2319115	23.0
2319160	24.0
2319174	23.0
2319178	24.0
2319242	23.0
2319270	22.0
2319283	23.0
2319296	22.0
2321113	21.0
2321830	22.0
2321844	21.0
2322540	22.0
2322579	23.0
2322606	22.0
2322616	23.0
2322631	22.0
2322687	23.0
2322688	24.0
2322761	23.0
2323280	24.0
2323294	23.0
2323804	24.0
2323852	23.0
2329914	24.0
2329921	24.0
2329927	22.0
2329928	21.0
2333833	22.0
2334049	21.0
2676855	20.0
2677501	21.0
2677707	20.0
2735448	21.0
2735463	22.0
2735676	21.0
2735677	20.0
2735691	22.0
2735702	21.0
2735703	20.0
2736229	22.0
2736717	21.0
2736718	20.0
2754451	19.0
2754525	20.0
2754581	19.0
2821937	20.0
2821949	19.0
2821963	20.0
2821975	19.0
2821990	20.0
2822002	19.0
2822017	20.0
2822029	19.0
2822044	20.0
2822056	19.0
2822071	20.0
2824722	19.0
2824937	20.0
2825633	19.0
2827434	20.0
2827446	19.0
2828040	20.0
2828044	21.0
2828055	20.0
2828070	21.0
2828095	20.0
2828096	19.0
2829204	18.0
2829205	17.0
2829234	19.0
2830066	18.0
2830067	17.0
2830430	19.0
2830434	19.0
2830440	18.0
2830441	17.0
2830559	19.0
2830903	18.0
2830904	17.0
2835700	21.0
2835767	20.0
2835768	19.0
2835769	18.0
2835770	17.0
2837108	16.0
2848718	15.0
2850318	16.0
2850345	15.0
2850531	16.0
2850546	15.0
2916360	16.0
2916450	15.0
2923745	16.0
2923759	15.0
2923863	14.0
2923871	15.0
2923894	16.0
2923907	15.0
2924203	14.0
2925646	15.0
2925658	14.0
2925967	15.0
2925978	14.0
2926442	15.0
2929306	16.0
2929626	15.0
2929737	16.0
2931024	15.0
2931696	16.0
2932347	17.0
2932855	16.0
2993381	17.0
2993397	16.0
2993768	17.0
2993780	16.0
2993843	17.0
2995235	16.0
2995739	17.0
2996983	16.0
2997657	17.0
2997671	16.0
3115913	17.0
3117081	16.0
3118083	17.0
3118250	16.0
3118816	17.0
3119150	16.0
3260000	18.0
3260476	17.0
3260477	16.0
3261652	15.0
3262579	16.0
3263157	15.0
3263375	16.0
3263387	15.0
3263651	16.0
3263824	15.0
3264239	16.0
3352457	17.0
3352469	16.0
3357003	17.0
3357017	16.0
3357317	17.0
3357863	16.0
3432756	15.0
3435921	16.0
3440283	17.0
3440779	16.0
3440817	17.0
3440835	16.0
3440877	17.0
3440889	18.0
3440902	18.0
3440922	19.0
3441059	21.0
3441066	21.0
3441072	20.0
3441073	19.0
3441102	18.0
3441152	17.0
3441266	18.0
3441279	17.0
3442525	16.0
3442568	17.0
3442581	16.0
3442682	17.0
3442982	19.0
3443562	18.0
3443563	17.0
3444434	18.0
3444446	17.0
3444456	18.0
3444468	17.0
3444483	18.0
3444495	17.0
3444497	18.0
3444505	19.0
3444508	18.0
3444509	17.0
3444518	16.0
3444616	17.0
3444630	16.0
3444651	18.0
3444665	17.0
3444666	16.0
3444741	17.0
3445439	19.0
3445601	18.0
3445602	17.0
3445882	19.0
3446147	18.0
3446435	19.0
3446585	20.0
3446608	18.0
3446609	17.0
3446637	20.0
3446746	19.0
3446747	18.0
3446748	17.0
3446788	18.0
3446800	17.0
3446919	16.0
3447075	17.0
3447087	16.0
3447163	17.0
3447482	19.0
3447496	18.0
3447497	17.0
3447565	19.0
3447954	18.0
3447955	17.0
3447976	19.0
3448333	18.0
3448418	19.0
3449273	18.0
3449395	19.0
3451062	16.0
3451063	13.0
3451064	11.0
3451065	10.0
3451066	7.0
3451067	6.0
3451081	19.0
3451088	19.0
3451090	16.0
3451091	13.0
3451092	11.0
3451093	10.0
3451094	7.0
3451095	6.0
3451148	19.0
3451156	19.0
3451157	16.0
3451158	13.0
3451159	11.0
3451160	10.0
3451161	9.0
3451162	7.0
3451163	6.0
3451237	19.0
3451645	18.0
3451646	17.0
3451647	16.0
3451648	14.0
3451649	10.0
3451650	19.0
3451894	20.0
3452022	19.0
3452249	18.0
3452325	17.0
3452443	16.0
3452492	17.0
3452550	16.0
3452551	15.0
3452552	13.0
3452553	9.0
3452554	8.0
3452555	6.0
3452556	5.0
3452567	17.0
3452576	16.0
3452577	15.0
3452578	13.0
3452579	9.0
3452580	8.0
3452581	6.0
3452582	5.0
3452639	17.0
3452651	18.0
3452701	15.0
3452702	12.0
3452703	10.0
3452704	9.0
3452705	8.0
3452711	18.0
3452718	18.0
3452721	15.0
3452722	12.0
3452723	10.0
3452724	9.0
3452725	8.0
3452766	19.0
3452772	18.0
3452776	18.0
3452859	19.0
3452873	18.0
3452997	17.0
3452998	16.0
3452999	14.0
3453000	9.0
3453001	7.0
3453002	6.0
3453077	8.0
3453081	18.0
3453085	19.0
3453261	18.0
3453262	17.0
3453335	19.0
3453338	19.0
3453344	18.0
3453345	17.0
3453347	16.0
3453998	14.0
3453999	8.0
3454000	6.0
3454001	5.0
3454263	16.0
3454270	15.0
3454272	14.0
3454273	12.0
3454274	9.0
3454275	7.0
3454276	6.0
3454277	5.0
3454614	16.0
3455912	14.0
3455913	8.0
3455914	6.0
3455915	5.0
3456040	16.0
3456667	14.0
3456668	8.0
3456669	6.0
3456670	5.0
3456677	16.0
3456689	14.0
3456690	8.0
3456691	6.0
3456692	5.0
3456725	16.0
3456737	14.0
3456738	8.0
3456739	6.0
3456740	5.0
3457255	16.0
3457600	15.0
3457773	16.0
3457786	15.0
3457790	13.0
3457791	7.0
3457792	5.0
3457793	4.0
3458526	15.0
3511449	16.0
3511461	15.0
3527640	16.0
3528076	15.0
4035971	16.0
4035984	15.0
4038489	16.0
4038509	15.0
4048715	16.0
4049078	15.0
4059058	14.0
4059059	13.0
4059064	15.0
4059076	14.0
4059077	13.0
4059121	14.0
4059329	15.0
4059501	14.0
4059640	13.0
4059978	14.0
4060516	13.0
4060748	14.0
4061089	15.0
4062051	14.0
4062052	13.0
4062158	15.0
4063257	14.0
4063258	13.0
4063535	15.0
4065061	14.0
4066376	13.0
4066415	14.0
4066428	13.0
4124677	14.0
4125278	13.0
4132218	14.0
4132346	13.0
4133897	14.0
4133966	13.0
4134523	14.0
4135733	13.0
4135818	14.0
4135832	13.0
4135842	14.0
4135853	13.0
4470343	12.0
4470344	11.0
4471116	13.0
4472601	12.0
4472602	11.0
4473132	13.0
4473364	12.0
4473365	11.0
4473968	13.0
4473981	12.0
4473982	11.0
4474091	13.0
4474097	13.0
4474103	12.0
4474104	11.0
4476597	13.0
4476855	12.0
4476856	11.0
4485519	13.0
4486227	12.0
4486228	11.0
4486234	13.0
4486246	12.0
4486247	11.0
4486322	13.0
4487212	12.0
4487213	11.0
4487392	13.0
4488049	12.0
4488050	11.0
4550124	12.0
4553027	11.0
4553374	12.0
4553575	11.0
4553868	12.0
4553881	11.0
4554415	12.0
4554514	11.0
4554732	12.0
4555129	11.0
4556591	12.0
4556925	13.0
4556963	12.0
4557069	11.0
4557141	12.0
4557197	11.0
4557595	12.0
4557608	11.0
4557793	12.0
4558448	14.0
4558699	13.0
4559125	14.0
4559139	13.0
4559324	14.0
4559330	15.0
4559343	14.0
4559458	15.0
4559471	14.0
4560092	13.0
4560098	12.0
4560664	11.0
4560678	12.0
4560844	13.0
4561216	12.0
4561229	13.0
4561241	12.0
4561434	13.0
4561726	12.0
4562074	11.0
4563231	13.0
4563244	12.0
4563245	11.0
4563860	12.0
4565112	11.0
4565384	12.0
4565397	11.0
4565482	12.0
4565495	11.0
4580348	10.0
4580349	6.0
4580350	5.0
4580351	4.0
4580412	11.0
4580549	10.0
4580550	6.0
4580551	5.0
4580552	4.0
4580842	11.0
4581483	10.0
4581484	6.0
4581485	5.0
4581486	4.0
4581653	11.0
4582201	10.0
4582202	6.0
4582203	5.0
4582204	4.0
4582507	11.0
4582519	10.0
4582520	6.0
4582521	5.0
4582522	4.0
4582558	11.0
4583220	10.0
4583221	6.0
4583222	5.0
4583223	4.0
4583494	11.0
4583960	10.0
4583961	6.0
4583962	5.0
4583963	4.0
4584579	11.0
4585396	10.0
4585397	6.0
4585398	5.0
4585399	4.0
4585926	11.0
4627905	12.0
4628743	11.0
4635004	10.0
4635005	6.0
4635006	5.0
4635007	4.0
4635197	11.0
4635736	12.0
4635752	11.0
4635761	12.0
4635776	11.0
4635845	12.0
4635860	11.0
4636111	12.0
4636715	11.0
4636716	7.0
4636717	6.0
4636718	5.0
4636769	12.0
4637759	11.0
4637760	7.0
4637761	6.0
4637762	5.0
4637927	12.0
4639106	11.0
4639107	7.0
4639108	6.0
4639109	5.0
4639110	4.0
4639205	11.0
4640372	10.0
4640375	9.0
4640376	6.0
4640377	5.0
4640378	4.0
4640999	11.0
4641011	10.0
4641012	6.0
4641013	5.0
4641014	4.0
4642627	11.0
4642664	12.0
4643161	11.0
4643162	7.0
4643163	6.0
4643164	4.0
4643317	13.0
4643328	12.0
4643402	13.0
4643504	12.0
4643554	13.0
4643721	14.0
4644169	13.0
4644234	14.0
4644249	13.0
4644274	14.0
4644323	13.0
4644500	14.0
4644579	13.0
4644669	14.0
4644684	13.0
4644717	14.0
4644798	13.0
4644988	14.0
4645003	14.0
4645017	13.0
4645107	14.0
4645123	13.0
4647327	12.0
4647422	13.0
4647437	12.0
4647485	13.0
4647713	12.0
4647727	13.0
4647739	12.0
4647772	13.0
4648127	12.0
4648395	11.0
4649902	13.0
4649906	13.0
4649912	12.0
4649913	11.0
4650006	13.0
4650267	14.0
4650282	13.0
4650347	14.0
4651141	13.0
4651153	14.0
4651167	13.0
4651281	11.0
4651282	6.0
4651283	5.0
4651284	4.0
4653382	13.0
4653465	12.0
4653466	10.0
4653467	6.0
4653468	5.0
4653469	4.0
4653598	14.0
4653608	13.0
4653611	11.0
4653612	7.0
4653613	5.0
4653614	4.0
4653695	14.0
4654126	15.0
4654221	14.0
4654391	13.0
4654957	12.0
4654958	10.0
4654959	7.0
4654960	6.0
4654961	4.0
4654970	13.0
4654981	12.0
4654982	10.0
4654983	7.0
4654984	6.0
4654985	4.0
4655011	13.0
4655021	12.0
4655022	10.0
4655023	7.0
4655024	6.0
4655025	4.0
4655674	13.0
4655990	12.0
4656633	11.0
4656634	9.0
4656635	7.0
4656636	6.0
4656637	4.0
4656770	12.0
4656988	13.0
4657003	12.0
4657023	11.0
4657027	9.0
4657028	7.0
4657029	5.0
4657030	4.0
4657141	5.0
4657173	4.0
4657203	12.0
4657204	13.0
4657233	12.0
4657256	13.0
4657270	12.0
4657411	13.0
4657492	14.0
4658133	13.0
4658134	12.0
4658163	13.0
4658169	15.0
4658178	14.0
4658229	15.0
4658294	14.0
4658303	13.0
4658304	12.0
4658307	14.0
4658344	13.0
4658428	14.0
4658544	13.0
4658552	14.0
4659116	12.0
4659117	11.0
4659267	13.0
4659279	12.0
4659280	11.0
4659332	13.0
4659344	12.0
4659345	11.0
4659357	13.0
4659362	13.0
4659368	12.0
4659369	11.0
4659534	12.0
4659555	14.0
4661634	12.0
4661635	11.0
4661735	14.0
4661839	13.0
4662007	14.0
4662052	15.0
4662065	14.0
4662159	15.0
4662173	14.0
4662208	13.0
4662218	14.0
4662245	13.0
4664489	14.0
4665359	13.0
4665376	14.0
4665387	13.0
4665388	14.0
4665954	13.0
4667636	14.0
4667714	13.0
4667895	14.0
4667905	13.0
4671710	14.0
4671720	13.0
4671903	14.0
4671941	13.0
4733024	14.0
4733040	13.0
4737607	12.0
4738572	13.0
4738582	12.0
4739427	13.0
4739458	14.0
4739647	13.0
4739648	12.0
4740977	13.0
4740987	12.0
4741009	13.0
4741019	12.0
4742210	11.0
4742336	12.0
4742348	11.0
4742714	12.0
4742727	11.0
4742778	12.0
4743324	11.0
4743808	12.0
4744538	11.0
4744693	12.0
4744706	11.0
4744828	12.0
4745135	11.0
4745327	12.0
4745339	11.0
4745434	12.0
4745446	11.0
4745574	12.0
4745586	11.0
4745942	12.0
4746108	11.0
4747113	12.0
4747731	11.0
4748022	12.0
4748648	11.0
4749230	12.0
4749243	11.0
4749245	12.0
4749605	11.0
4749956	12.0
4750326	13.0
4750337	12.0
4750409	11.0
4750438	12.0
4750970	11.0
4751640	12.0
4757845	11.0
4758148	12.0
4758548	11.0
4759000	12.0
4759012	11.0
4759533	12.0
4759586	11.0
5184512	10.0
5184513	8.0
5184514	7.0
5184515	5.0
5184516	1.0
5184517	0.0
5242546	1.0
5242561	0.0
5253178	1.0
5253759	0.0
5331791	1.0
5331981	0.0
5347640	2.0
5348529	3.0
5348544	2.0
5348645	1.0
5349810	0.0
