1473485	24.0
1474060	22.0
1474061	19.0
1474062	13.0
1474063	7.0
1474064	4.0
1474065	1.0
1474066	0.0
1474170	24.0
1490529	25.0
1490538	24.0
1490999	25.0
1495055	24.0
1495665	25.0
1497908	24.0
1500648	25.0
1522298	24.0
1530388	25.0
1532654	24.0
1532734	25.0
1533809	24.0
1534043	25.0
1534216	24.0
1535948	25.0
1536642	24.0
1536838	25.0
1536847	24.0
1536876	25.0
1537415	24.0
1537474	25.0
1537541	24.0
1537713	25.0
1547202	24.0
1547203	23.0
1547647	25.0
1547656	24.0
1547657	23.0
1547659	25.0
1548283	24.0
1548284	23.0
1548377	25.0
1550097	24.0
1550126	23.0
1550127	22.0
1550686	25.0
1550695	23.0
1550696	22.0
1550919	24.0
1550928	23.0
1550929	22.0
1551643	25.0
1552652	24.0
1553366	25.0
1553376	24.0
1553389	25.0
1553398	24.0
1553606	23.0
1553607	22.0
1553669	24.0
1553678	23.0
1553679	22.0
1553894	23.0
1553903	22.0
1554434	25.0
1554717	24.0
1554960	25.0
1555334	24.0
1555601	23.0
1555602	22.0
1556232	24.0
1556241	23.0
1556242	22.0
1556807	24.0
1556892	25.0
1556902	24.0
1557072	25.0
1557081	24.0
1557148	25.0
1560049	23.0
1560050	22.0
1629814	23.0
1637675	24.0
1637690	23.0
1637794	24.0
1638221	23.0
1638265	24.0
1638390	23.0
1638841	24.0
1640075	23.0
1640076	17.0
1640077	9.0
1640078	6.0
1640079	5.0
1640105	4.0
2059896	5.0
2061767	22.0
2061897	21.0
2061898	15.0
2061899	8.0
2061900	6.0
2061901	5.0
2062382	4.0
2063866	21.0
2063878	20.0
2063879	14.0
2063880	7.0
2063881	5.0
2063882	4.0
2064236	5.0
2064653	4.0
2066689	21.0
2066701	17.0
2066702	9.0
2066703	5.0
2066704	4.0
2066940	21.0
2067420	17.0
2067421	21.0
2067433	17.0
2067434	9.0
2067435	5.0
2067436	4.0
2067498	21.0
2067510	17.0
2067511	9.0
2067512	5.0
2067513	4.0
2067940	21.0
2068324	17.0
2068325	9.0
2068326	5.0
2068327	4.0
2068494	21.0
2072066	17.0
2072067	9.0
2072068	5.0
2072069	4.0
2136953	22.0
2137178	21.0
2137179	16.0
2137180	9.0
2137181	6.0
2137182	5.0
2137183	4.0
2237924	23.0
2237935	22.0
2237936	16.0
2237937	9.0
2237938	5.0
2237939	4.0
2238158	23.0
2238274	24.0
2238664	23.0
2238778	24.0
2239340	25.0
2239353	24.0
2240658	25.0
2241749	24.0
2241750	23.0
2241830	25.0
2241897	24.0
2241898	23.0
2241950	25.0
2242128	24.0
2242129	22.0
2242130	11.0
2242131	5.0
2242132	1.0
2242133	0.0
2242155	25.0
2242156	24.0
2242157	23.0
2242158	20.0
2242159	18.0
2242160	15.0
2242161	8.0
2242162	3.0
2242163	2.0
2242169	1.0
2242170	0.0
2242311	25.0
2242326	24.0
2242445	25.0
2242606	24.0
2242607	22.0
2242608	12.0
2242609	8.0
2242610	2.0
2242611	0.0
2242676	25.0
2242687	24.0
2242688	22.0
2242689	12.0
2242690	6.0
2242691	1.0
2242692	0.0
2242702	25.0
2242713	24.0
2242714	22.0
2242715	12.0
2242716	5.0
2242717	1.0
2242718	0.0
2242725	25.0
2244659	26.0
2245773	25.0
2247792	24.0
2247956	25.0
2247970	24.0
2248399	25.0
2248409	24.0
2248422	25.0
2248435	24.0
2251900	23.0
2257954	22.0
2317951	24.0
2318810	25.0
2318823	24.0
2318884	25.0
2319069	24.0
2319096	23.0
2319115	24.0
2319160	25.0
2319174	24.0
2319178	25.0
2319242	24.0
2319270	23.0
2319283	24.0
2319296	23.0
2321113	22.0
2321830	23.0
2321844	22.0
2322540	23.0
2322579	24.0
2322606	23.0
2322616	24.0
2322631	23.0
2322687	24.0
2322688	25.0
2322761	24.0
2323280	25.0
2323294	24.0
2323804	25.0
2323852	24.0
2329914	25.0
2329921	25.0
2329927	23.0
2329928	22.0
2333833	23.0
2334049	22.0
2676855	21.0
2677503	22.0
2677707	21.0
2735449	22.0
2735464	23.0
2735676	22.0
2735677	21.0
2735692	23.0
2735702	22.0
2735703	21.0
2736230	23.0
2736717	22.0
2736718	21.0
2754451	20.0
2754525	21.0
2754581	20.0
2821937	21.0
2821949	20.0
2821963	21.0
2821975	20.0
2821990	21.0
2822002	20.0
2822017	21.0
2822029	20.0
2822044	21.0
2822056	20.0
2822071	21.0
2824722	20.0
2824937	21.0
2825633	20.0
2827434	21.0
2827446	20.0
2828040	21.0
2828044	22.0
2828055	21.0
2828070	22.0
2828095	21.0
2828096	20.0
2829204	19.0
2829205	18.0
2829234	20.0
2830066	19.0
2830067	18.0
2830430	20.0
2830434	20.0
2830440	19.0
2830441	18.0
2830559	20.0
2830903	19.0
2830904	18.0
2835700	22.0
2835767	21.0
2835768	20.0
2835769	19.0
2835770	18.0
2837108	17.0
2848718	16.0
2850318	17.0
2850345	16.0
2850531	17.0
2850546	16.0
2916360	17.0
2916450	16.0
2923745	17.0
2923759	16.0
2923863	15.0
2923871	16.0
2923894	17.0
2923907	16.0
2924203	15.0
2925646	16.0
2925658	15.0
2925967	16.0
2925978	15.0
2926442	16.0
2929306	17.0
2929626	16.0
2929737	17.0
2931024	16.0
2931696	17.0
2932347	18.0
2932855	17.0
2993381	18.0
2993397	17.0
2993768	18.0
2993780	17.0
2993843	18.0
2995235	17.0
2995739	18.0
2996983	17.0
2997657	18.0
2997671	17.0
3115913	18.0
3117081	17.0
3118083	18.0
3118250	17.0
3118816	18.0
3119150	17.0
3260000	19.0
3260476	18.0
3260477	17.0
3261652	16.0
3262579	17.0
3263157	16.0
3263375	17.0
3263387	16.0
3263651	17.0
3263824	16.0
3264239	17.0
3352457	18.0
3352469	17.0
3357003	18.0
3357017	17.0
3357317	18.0
3357863	17.0
3432756	16.0
3435921	17.0
3440283	18.0
3440779	17.0
3440817	18.0
3440835	17.0
3440877	18.0
3440889	19.0
3440902	19.0
3440922	20.0
3441059	22.0
3441066	22.0
3441072	21.0
3441073	20.0
3441102	19.0
3441152	18.0
3441266	19.0
3441279	18.0
3442525	17.0
3442568	18.0
3442581	17.0
3442682	18.0
3442982	20.0
3443562	19.0
3443563	18.0
3444434	19.0
3444446	18.0
3444456	19.0
3444468	18.0
3444483	19.0
3444495	18.0
3444497	19.0
3444505	20.0
3444508	19.0
3444509	18.0
3444518	17.0
3444616	18.0
3444630	17.0
3444651	19.0
3444665	18.0
3444666	17.0
3444741	18.0
3445439	20.0
3445601	19.0
3445602	18.0
3445882	20.0
3446147	19.0
3446435	20.0
3446585	21.0
3446608	19.0
3446609	18.0
3446637	21.0
3446746	20.0
3446747	19.0
3446748	18.0
3446786	19.0
3446800	18.0
3446919	17.0
3447073	18.0
3447087	17.0
3447161	18.0
3447482	20.0
3447496	19.0
3447497	18.0
3447567	20.0
3447954	19.0
3447955	18.0
3447976	20.0
3448333	19.0
3448416	20.0
3449273	19.0
3449395	20.0
3451062	17.0
3451063	14.0
3451064	12.0
3451065	11.0
3451066	8.0
3451067	7.0
3451081	20.0
3451088	20.0
3451090	17.0
3451091	14.0
3451092	12.0
3451093	11.0
3451094	8.0
3451095	7.0
3451148	20.0
3451156	20.0
3451157	17.0
3451158	14.0
3451159	12.0
3451160	11.0
3451161	10.0
3451162	8.0
3451163	7.0
3451237	20.0
3451645	19.0
3451646	18.0
3451647	17.0
3451648	15.0
3451649	11.0
3451650	20.0
3451894	21.0
3452022	20.0
3452249	19.0
3452325	18.0
3452443	17.0
3452494	18.0
3452550	17.0
3452551	16.0
3452552	14.0
3452553	10.0
3452554	9.0
3452555	7.0
3452556	6.0
3452569	18.0
3452575	18.0
3452576	17.0
3452577	16.0
3452578	14.0
3452579	10.0
3452580	9.0
3452581	7.0
3452582	6.0
3452639	18.0
3452649	19.0
3452701	16.0
3452702	13.0
3452703	11.0
3452704	10.0
3452705	9.0
3452711	19.0
3452718	19.0
3452721	16.0
3452722	13.0
3452723	11.0
3452724	10.0
3452725	9.0
3452766	20.0
3452772	19.0
3452776	19.0
3452859	20.0
3452873	19.0
3452997	18.0
3452998	17.0
3452999	15.0
3453000	10.0
3453001	8.0
3453002	7.0
3453077	9.0
3453081	19.0
3453085	20.0
3453261	19.0
3453262	18.0
3453337	20.0
3453338	20.0
3453344	19.0
3453345	18.0
3453347	17.0
3453998	15.0
3453999	9.0
3454000	7.0
3454001	6.0
3454263	17.0
3454270	16.0
3454272	15.0
3454273	13.0
3454274	10.0
3454275	8.0
3454276	7.0
3454277	6.0
3454616	17.0
3455912	15.0
3455913	9.0
3455914	7.0
3455915	6.0
3456042	17.0
3456667	15.0
3456668	9.0
3456669	7.0
3456670	6.0
3456679	17.0
3456689	15.0
3456690	9.0
3456691	7.0
3456692	6.0
3456727	17.0
3456737	15.0
3456738	9.0
3456739	7.0
3456740	6.0
3457257	17.0
3457600	16.0
3457771	17.0
3457786	16.0
3457790	14.0
3457791	8.0
3457792	6.0
3457793	5.0
3458528	16.0
3511451	17.0
3511461	16.0
3527642	17.0
3528076	16.0
4035973	17.0
4035984	16.0
4038491	17.0
4038509	16.0
4048717	17.0
4049078	16.0
4059058	15.0
4059059	14.0
4059066	16.0
4059076	15.0
4059077	14.0
4059123	15.0
4059331	16.0
4059501	15.0
4059640	14.0
4059980	15.0
4060516	14.0
4060750	15.0
4061091	16.0
4062051	15.0
4062052	14.0
4062160	16.0
4063257	15.0
4063258	14.0
4063537	16.0
4065061	15.0
4066376	14.0
4066417	15.0
4066428	14.0
4124679	15.0
4125278	14.0
4132220	15.0
4132346	14.0
4133898	15.0
4133966	14.0
4134523	15.0
4135733	14.0
4135818	15.0
4135832	14.0
4135844	15.0
4135853	14.0
4470343	13.0
4470344	12.0
4471118	14.0
4472601	13.0
4472602	12.0
4473134	14.0
4473364	13.0
4473365	12.0
4473970	14.0
4473981	13.0
4473982	12.0
4474093	14.0
4474097	14.0
4474103	13.0
4474104	12.0
4476599	14.0
4476855	13.0
4476856	12.0
4485521	14.0
4486227	13.0
4486228	12.0
4486236	14.0
4486246	13.0
4486247	12.0
4486324	14.0
4487212	13.0
4487213	12.0
4487394	14.0
4488049	13.0
4488050	12.0
4550126	13.0
4553027	12.0
4553376	13.0
4553575	12.0
4553870	13.0
4553881	12.0
4554417	13.0
4554514	12.0
4554734	13.0
4555129	12.0
4556593	13.0
4556927	14.0
4556963	13.0
4557069	12.0
4557143	13.0
4557197	12.0
4557597	13.0
4557608	12.0
4557795	13.0
4558450	15.0
4558699	14.0
4559127	15.0
4559139	14.0
4559326	15.0
4559332	16.0
4559343	15.0
4559460	16.0
4559471	15.0
4560092	14.0
4560098	13.0
4560664	12.0
4560680	13.0
4560846	14.0
4561216	13.0
4561231	14.0
4561241	13.0
4561436	14.0
4561726	13.0
4562074	12.0
4563233	14.0
4563244	13.0
4563245	12.0
4563862	13.0
4565112	12.0
4565386	13.0
4565397	12.0
4565484	13.0
4565495	12.0
4580348	11.0
4580349	7.0
4580350	6.0
4580351	5.0
4580414	12.0
4580549	11.0
4580550	7.0
4580551	6.0
4580552	5.0
4580844	12.0
4581483	11.0
4581484	7.0
4581485	6.0
4581486	5.0
4581655	12.0
4582201	11.0
4582202	7.0
4582203	6.0
4582204	5.0
4582509	12.0
4582519	11.0
4582520	7.0
4582521	6.0
4582522	5.0
4582560	12.0
4583220	11.0
4583221	7.0
4583222	6.0
4583223	5.0
4583496	12.0
4583960	11.0
4583961	7.0
4583962	6.0
4583963	5.0
4584581	12.0
4585396	11.0
4585397	7.0
4585398	6.0
4585399	5.0
4585928	12.0
4627907	13.0
4628743	12.0
4635004	11.0
4635005	7.0
4635006	6.0
4635007	5.0
4635199	12.0
4635738	13.0
4635752	12.0
4635763	13.0
4635776	12.0
4635847	13.0
4635860	12.0
4636113	13.0
4636715	12.0
4636716	8.0
4636717	7.0
4636718	6.0
4636771	13.0
4637759	12.0
4637760	8.0
4637761	7.0
4637762	6.0
4637929	13.0
4639106	12.0
4639107	8.0
4639108	7.0
4639109	6.0
4639110	5.0
4639207	12.0
4640372	11.0
4640375	10.0
4640376	7.0
4640377	6.0
4640378	5.0
4641001	12.0
4641011	11.0
4641012	7.0
4641013	6.0
4641014	5.0
4642629	12.0
4642666	13.0
4643161	12.0
4643162	8.0
4643163	7.0
4643164	5.0
4643319	14.0
4643328	13.0
4643404	14.0
4643504	13.0
4643556	14.0
4643723	15.0
4643912	14.0
4643913	15.0
4644169	14.0
4644236	15.0
4644249	14.0
4644276	15.0
4644323	14.0
4644502	15.0
4644579	14.0
4644671	15.0
4644684	14.0
4644719	15.0
4644798	14.0
4644990	15.0
4645003	14.0
4645005	15.0
4645017	14.0
4645109	15.0
4645123	14.0
4647327	13.0
4647424	14.0
4647437	13.0
4647487	14.0
4647713	13.0
4647729	14.0
4647739	13.0
4647774	14.0
4648127	13.0
4648395	12.0
4649904	14.0
4649906	14.0
4649912	13.0
4649913	12.0
4650008	14.0
4650269	15.0
4650282	14.0
4650349	15.0
4651141	14.0
4651155	15.0
4651167	14.0
4651281	12.0
4651282	7.0
4651283	6.0
4651284	5.0
4653384	14.0
4653465	13.0
4653466	11.0
4653467	7.0
4653468	6.0
4653469	5.0
4653600	15.0
4653607	15.0
4653608	14.0
4653611	12.0
4653612	8.0
4653613	6.0
4653614	5.0
4653697	15.0
4654128	16.0
4654221	15.0
4654391	14.0
4654957	13.0
4654958	11.0
4654959	8.0
4654960	7.0
4654961	5.0
4654972	14.0
4654981	13.0
4654982	11.0
4654983	8.0
4654984	7.0
4654985	5.0
4655013	14.0
4655019	14.0
4655021	13.0
4655022	11.0
4655023	8.0
4655024	7.0
4655025	5.0
4655676	14.0
4655990	13.0
4656633	12.0
4656634	10.0
4656635	8.0
4656636	7.0
4656637	5.0
4656770	13.0
4656990	14.0
4657003	13.0
4657023	12.0
4657027	10.0
4657028	8.0
4657029	6.0
4657030	5.0
4657143	6.0
4657173	5.0
4657205	13.0
4657206	14.0
4657233	13.0
4657255	14.0
4657270	13.0
4657413	14.0
4657491	15.0
4658133	14.0
4658134	13.0
4658165	14.0
4658169	16.0
4658178	15.0
4658229	16.0
4658294	15.0
4658303	14.0
4658304	13.0
4658307	15.0
4658344	14.0
4658428	15.0
4658544	14.0
4658552	15.0
4659116	13.0
4659117	12.0
4659265	14.0
4659279	13.0
4659280	12.0
4659330	14.0
4659344	13.0
4659345	12.0
4659355	14.0
4659362	14.0
4659368	13.0
4659369	12.0
4659534	13.0
4659555	15.0
4661634	13.0
4661635	12.0
4661735	15.0
4661839	14.0
4662007	15.0
4662052	16.0
4662065	15.0
4662159	16.0
4662173	15.0
4662208	14.0
4662218	15.0
4662245	14.0
4664488	15.0
4665359	14.0
4665375	15.0
4665387	15.0
4665954	14.0
4667635	15.0
4667714	14.0
4667894	15.0
4667905	14.0
4671709	15.0
4671720	14.0
4671902	15.0
4671941	14.0
4733026	15.0
4733040	14.0
4737607	13.0
4738571	14.0
4738582	13.0
4739426	14.0
4739457	15.0
4739647	14.0
4739648	13.0
4740976	14.0
4740987	13.0
4741008	14.0
4741019	13.0
4742210	12.0
4742338	13.0
4742344	13.0
4742348	12.0
4742716	13.0
4742727	12.0
4742780	13.0
4743324	12.0
4743810	13.0
4744538	12.0
4744695	13.0
4744706	12.0
4744830	13.0
4745135	12.0
4745329	13.0
4745335	13.0
4745339	12.0
4745436	13.0
4745442	13.0
4745446	12.0
4745576	13.0
4745582	13.0
4745586	12.0
4745944	13.0
4746108	12.0
4747115	13.0
4747731	12.0
4748024	13.0
4748648	12.0
4749232	13.0
4749243	12.0
4749247	13.0
4749605	12.0
4749958	13.0
4750325	14.0
4750337	13.0
4750409	12.0
4750440	13.0
4750970	12.0
4751642	13.0
4757845	12.0
4758150	13.0
4758548	12.0
4759002	13.0
4759008	13.0
4759012	12.0
4759535	13.0
4759586	12.0
5184514	11.0
5184517	10.0
5254814	9.0
5254815	6.0
5254816	5.0
5255270	8.0
5255298	7.0
5255299	6.0
5255781	8.0
5255799	7.0
5255800	8.0
5256026	7.0
5256027	6.0
5256162	8.0
5256175	7.0
5256176	6.0
5256191	8.0
5256335	7.0
5256336	6.0
5256486	8.0
5256491	8.0
5256497	7.0
5256498	6.0
5256571	5.0
5256985	6.0
5257000	5.0
5263544	4.0
5264612	5.0
5265337	6.0
5265668	5.0
5265786	6.0
5265870	5.0
5266221	4.0
5266357	3.0
5266617	2.0
5266680	1.0
5266789	2.0
5266914	3.0
5267075	4.0
5268860	3.0
5268861	1.0
5268862	0.0
5269274	1.0
5269290	0.0
