4556589	13.0
4556924	14.0
4556963	13.0
4557064	12.0
4557065	9.0
4557066	7.0
4557067	3.0
4557068	1.0
4557069	0.0
4557593	13.0
4557602	12.0
4557603	11.0
4557604	9.0
4557605	6.0
4557606	2.0
4557607	1.0
4557608	0.0
4557791	13.0
4558449	15.0
4558693	14.0
4558694	12.0
4558695	9.0
4558696	6.0
4558697	2.0
4558698	1.0
4558699	0.0
4559123	15.0
4559133	14.0
4559134	12.0
4559135	9.0
4559136	6.0
4559137	2.0
4559138	1.0
4559139	0.0
4559322	15.0
4559327	16.0
4559343	15.0
4559455	16.0
4559471	15.0
4560086	14.0
4560087	12.0
4560088	9.0
4560089	6.0
4560090	2.0
4560091	1.0
4560092	0.0
4560676	13.0
4560845	14.0
4561216	13.0
4561230	14.0
4561241	13.0
4561435	14.0
4561726	13.0
4562068	12.0
4562069	11.0
4562070	9.0
4562071	6.0
4562072	2.0
4562073	1.0
4562074	0.0
