1017290	3.0
1017312	1.0
1017313	0.0
1026125	10.0
1026271	11.0
1026632	10.0
1026663	11.0
1026677	10.0
1026702	11.0
1027147	12.0
1028123	13.0
1028146	12.0
1028208	13.0
1029789	12.0
1029825	13.0
1029837	12.0
1029953	13.0
1031251	12.0
1031398	13.0
1031411	12.0
1032071	14.0
1032075	16.0
1032078	19.0
1032284	18.0
1032309	19.0
1032406	18.0
1032407	17.0
1032408	13.0
1032409	12.0
1032480	13.0
1032495	12.0
1032986	19.0
1032992	19.0
1032996	18.0
1032997	17.0
1032998	13.0
1032999	12.0
1033142	19.0
1033273	18.0
1033274	15.0
1033275	13.0
1033276	12.0
1033383	19.0
1033390	19.0
1033394	18.0
1033395	16.0
1033396	13.0
1033397	12.0
1033499	19.0
1036393	20.0
1036407	19.0
1036411	20.0
1036429	19.0
1036452	20.0
1036610	19.0
1039525	23.0
1040174	22.0
1040175	21.0
1040176	20.0
1040177	19.0
1040406	23.0
1042218	22.0
1042219	21.0
1042220	20.0
1042221	19.0
1042254	23.0
1042265	22.0
1042266	21.0
1042267	20.0
1042268	19.0
1042369	23.0
1042984	23.0
1042991	23.0
1042995	22.0
1042996	21.0
1042997	20.0
1042998	19.0
1043099	23.0
1045526	22.0
1045527	21.0
1045528	20.0
1045529	19.0
1045647	23.0
1046431	22.0
1046432	21.0
1046433	20.0
1046434	19.0
1046554	23.0
1046566	22.0
1046567	21.0
1046568	20.0
1046569	19.0
1046643	23.0
1046655	22.0
1046656	21.0
1046657	20.0
1046658	19.0
1046772	23.0
1046779	23.0
1046783	22.0
1046784	21.0
1046785	20.0
1046786	19.0
1046919	23.0
1046926	23.0
1046930	22.0
1046931	21.0
1046932	20.0
1046933	19.0
1047150	23.0
1047157	23.0
1047161	22.0
1047162	21.0
1047163	20.0
1047164	19.0
1047261	23.0
1047268	23.0
1047272	22.0
1047273	21.0
1047274	20.0
1047275	19.0
1047307	23.0
1047319	22.0
1047320	21.0
1047321	20.0
1047322	19.0
1047480	23.0
1053437	22.0
1106218	21.0
1106219	20.0
1106851	22.0
1109096	22.0
1110625	23.0
1110649	22.0
1110666	23.0
1110677	22.0
1110693	23.0
1111292	24.0
1111307	23.0
1111510	24.0
1112009	23.0
1112135	21.0
1112136	20.0
1112219	21.0
1112234	20.0
1112280	23.0
1112410	24.0
1112423	23.0
1112487	24.0
1112909	23.0
1113125	24.0
1113779	23.0
1116092	21.0
1116093	20.0
1116154	23.0
1116167	21.0
1116168	20.0
1116218	23.0
1120351	24.0
1120460	23.0
1121008	22.0
1121009	21.0
1121010	20.0
1121060	23.0
1121624	21.0
1121625	20.0
1121737	23.0
1122080	22.0
1122081	21.0
1122082	20.0
1123012	23.0
1123403	21.0
1123404	20.0
1123589	19.0
1123907	22.0
1124157	20.0
1124158	19.0
1126346	22.0
1126352	22.0
1126358	20.0
1126359	19.0
1127279	22.0
1127285	22.0
1127291	20.0
1127292	19.0
1128588	22.0
1129054	20.0
1129055	19.0
1209318	21.0
1209331	20.0
1209332	19.0
1209528	21.0
1210092	20.0
1210093	19.0
1210482	21.0
1213024	20.0
1213369	21.0
1214584	20.0
1214656	21.0
1214811	20.0
1214957	21.0
1221513	20.0
1237343	21.0
1237891	20.0
1238316	21.0
1238923	20.0
1239975	21.0
1240010	20.0
1240691	21.0
1240704	20.0
1240848	21.0
1240860	20.0
1241195	21.0
1241207	20.0
1241476	21.0
1241676	20.0
1241732	21.0
1241745	20.0
1241883	21.0
1242513	20.0
1243559	21.0
1243571	20.0
1243724	21.0
1244276	20.0
1244515	21.0
1244528	20.0
1244561	21.0
1245218	20.0
1245475	21.0
1246113	20.0
1246319	21.0
1247175	20.0
1248964	21.0
1248976	20.0
1249048	21.0
1249060	20.0
1249207	21.0
1249579	20.0
1250742	21.0
1251553	20.0
1252675	21.0
1253316	20.0
1254436	21.0
1254637	20.0
1254757	21.0
1255132	20.0
1255396	21.0
1257939	20.0
1258131	21.0
1258789	20.0
1258968	21.0
1258981	20.0
1259105	21.0
1259588	20.0
1259836	21.0
1260523	20.0
1260794	21.0
1260930	20.0
1261059	21.0
1261071	20.0
1261192	21.0
1261415	20.0
1261638	21.0
1262314	20.0
1262535	21.0
1263283	20.0
1263477	21.0
1264114	20.0
1264451	21.0
1265070	20.0
1266116	21.0
1267723	20.0
1268041	21.0
1268680	20.0
1269021	21.0
1269515	20.0
1276038	21.0
1279452	20.0
1282307	21.0
1282319	20.0
1282342	21.0
1282354	20.0
1282566	21.0
1285358	20.0
1285554	21.0
1286327	20.0
1287032	21.0
1323337	20.0
1323476	21.0
1324117	20.0
1324498	21.0
1324992	20.0
1325175	21.0
1325884	20.0
1326083	21.0
1326096	20.0
1326211	21.0
1326784	20.0
1326969	21.0
1326982	20.0
1327118	21.0
1327130	20.0
1327357	21.0
1327369	20.0
1327491	21.0
1327503	20.0
1327704	21.0
1327716	20.0
1328757	21.0
1329643	20.0
1330556	21.0
1331403	20.0
1333276	21.0
1336765	20.0
1336914	21.0
1337594	20.0
1338438	21.0
1338450	20.0
1339556	21.0
1340422	20.0
1340585	21.0
1340598	20.0
1340635	21.0
1342008	20.0
1342275	21.0
1344001	20.0
1344956	21.0
1345728	20.0
1347635	21.0
1349383	20.0
1350355	21.0
1360251	20.0
1360269	21.0
1360281	20.0
1362961	21.0
1365457	20.0
1366731	21.0
1367318	20.0
1371404	21.0
1398143	20.0
1398379	21.0
1398391	20.0
1398543	21.0
1403379	20.0
1404153	21.0
1409514	20.0
1409867	21.0
1410148	20.0
1411591	21.0
1412417	20.0
1413140	21.0
1413153	20.0
1413221	21.0
1413234	20.0
1413341	21.0
1414062	20.0
1414270	21.0
1415916	20.0
1415995	21.0
1417711	20.0
1417871	21.0
1418558	20.0
1418763	21.0
1419595	20.0
1419755	21.0
1419768	20.0
1419790	21.0
1420367	20.0
1423090	21.0
1423103	20.0
1423126	21.0
1423139	20.0
1423350	21.0
1423953	20.0
1425793	21.0
1425805	20.0
1426011	21.0
1426692	20.0
1427043	21.0
1427638	20.0
1427899	21.0
1428453	20.0
1429552	21.0
1429564	20.0
1429671	21.0
1430064	20.0
1430173	21.0
1430185	20.0
1430262	21.0
1430274	20.0
1431392	21.0
1432140	20.0
1433189	21.0
1433876	20.0
1434269	21.0
1434772	20.0
1434992	21.0
1435020	20.0
1435193	21.0
1436484	20.0
1437670	21.0
1443878	20.0
1449012	21.0
1449272	22.0
1449399	21.0
1449416	22.0
1449430	21.0
1449600	22.0
1450470	21.0
1450482	22.0
1450745	23.0
1452204	22.0
1452465	21.0
1452715	22.0
1453512	23.0
1454312	22.0
1454630	23.0
1454642	22.0
1454833	23.0
1455178	22.0
1455631	23.0
1455644	22.0
1464200	23.0
1464239	22.0
1464309	23.0
1464321	22.0
1464653	23.0
1464677	22.0
1464687	23.0
1464699	22.0
1464949	23.0
1464960	22.0
1465310	23.0
1465835	22.0
1466002	23.0
1468346	22.0
1468668	23.0
1468965	22.0
1468978	23.0
1468990	22.0
1469122	23.0
1469358	22.0
1469373	23.0
1473489	24.0
1474066	23.0
1474174	24.0
1490525	25.0
1490538	24.0
1490995	25.0
1495055	24.0
1495661	25.0
1497908	24.0
1500644	25.0
1522298	24.0
1530384	25.0
1532654	24.0
1532730	25.0
1533809	24.0
1534039	25.0
1534216	24.0
1535944	25.0
1536642	24.0
1536834	25.0
1536847	24.0
1536872	25.0
1537415	24.0
1537470	25.0
1537541	24.0
1537709	25.0
1547202	24.0
1547203	23.0
1547643	25.0
1548283	24.0
1548284	23.0
1548373	25.0
1550097	24.0
1550126	23.0
1550127	22.0
1550682	25.0
1550695	23.0
1550696	22.0
1550915	24.0
1550928	23.0
1550929	22.0
1551639	25.0
1552652	24.0
1553362	25.0
1553376	24.0
1553385	25.0
1553398	24.0
1553606	23.0
1553607	22.0
1553665	24.0
1553678	23.0
1553679	22.0
1553890	23.0
1553903	22.0
1554430	25.0
1554717	24.0
1554956	25.0
1555334	24.0
1555601	23.0
1555602	22.0
1556228	24.0
1556241	23.0
1556242	22.0
1556803	24.0
1556888	25.0
1556902	24.0
1557068	25.0
1557081	24.0
1557144	25.0
1560049	23.0
1560050	22.0
1629813	23.0
1637678	24.0
1637690	23.0
1637797	24.0
1638221	23.0
1638267	24.0
1638390	23.0
1638841	24.0
1640078	20.0
1640079	19.0
1648591	18.0
1649384	19.0
1651162	18.0
1651173	19.0
1651651	18.0
1651774	19.0
1652235	18.0
1654372	17.0
1721613	18.0
1721625	17.0
1721631	18.0
1721643	17.0
1721656	18.0
1721668	17.0
1721694	18.0
1721709	17.0
1721844	18.0
1723820	17.0
2061769	22.0
2061899	20.0
2061900	18.0
2061901	17.0
2063868	21.0
2063880	19.0
2063881	18.0
2063882	17.0
2066690	21.0
2066703	18.0
2066704	17.0
2066941	21.0
2067422	21.0
2067435	18.0
2067436	17.0
2067499	21.0
2067512	18.0
2067513	17.0
2067941	21.0
2068326	18.0
2068327	17.0
2068495	21.0
2072068	18.0
2072069	17.0
2130711	18.0
2136954	22.0
2137181	20.0
2137182	19.0
2137183	18.0
2216221	19.0
2216235	18.0
2230117	19.0
2230129	18.0
2230938	19.0
2231811	20.0
2233125	19.0
2233626	20.0
2233641	19.0
2233661	20.0
2233675	19.0
2233714	20.0
2234044	21.0
2236625	20.0
2237263	19.0
2237925	23.0
2237938	20.0
2237939	19.0
2238159	23.0
2238276	24.0
2238289	23.0
2238292	24.0
2238664	23.0
2238780	24.0
2239338	25.0
2239353	24.0
2240660	25.0
2241749	24.0
2241750	23.0
2241832	25.0
2241897	24.0
2241898	23.0
2241951	25.0
2242133	24.0
2242162	23.0
2242163	22.0
2242203	24.0
2242313	25.0
2242326	24.0
2242448	25.0
2242611	24.0
2242679	25.0
2242692	24.0
2242705	25.0
2242718	24.0
2242728	25.0
2244661	26.0
2245773	25.0
2247792	24.0
2247958	25.0
2247970	24.0
2248395	25.0
2248409	24.0
2248420	25.0
2248435	24.0
2251900	23.0
2257954	22.0
2317953	24.0
2318812	25.0
2318823	24.0
2318886	25.0
2319069	24.0
2319096	23.0
2319116	24.0
2319161	25.0
2319174	24.0
2319179	25.0
2319242	24.0
2319270	23.0
2319284	24.0
2319296	23.0
2321113	22.0
2321832	23.0
2321844	22.0
2322542	23.0
2322581	24.0
2322593	24.0
2322606	23.0
2322618	24.0
2322631	23.0
2322689	24.0
2322690	25.0
2322761	24.0
2323282	25.0
2323294	24.0
2323805	25.0
2323852	24.0
2329916	25.0
2329921	25.0
2329927	23.0
2329928	22.0
2333835	23.0
2334049	22.0
2676855	21.0
2677503	22.0
2677707	21.0
2735448	22.0
2735463	23.0
2735676	22.0
2735677	21.0
2735691	23.0
2735702	22.0
2735703	21.0
2736229	23.0
2736717	22.0
2736718	21.0
2754451	20.0
2754523	21.0
2754581	20.0
2821935	21.0
2821949	20.0
2821961	21.0
2821975	20.0
2821988	21.0
2822002	20.0
2822015	21.0
2822029	20.0
2822042	21.0
2822056	20.0
2822069	21.0
2824722	20.0
2824934	21.0
2825633	20.0
2827431	21.0
2827446	20.0
2828037	21.0
2828041	22.0
2828055	21.0
2828067	22.0
2828095	21.0
2828096	20.0
2829204	19.0
2829205	18.0
2829234	20.0
2830066	19.0
2830067	18.0
2830427	20.0
2830434	20.0
2830440	19.0
2830441	18.0
2830558	20.0
2830903	19.0
2830904	18.0
2835699	22.0
2835767	21.0
2835768	20.0
2835769	19.0
2835770	18.0
2837108	17.0
2848718	16.0
2850318	17.0
2850345	16.0
2850530	17.0
2850546	16.0
2916362	17.0
2916450	16.0
2923745	17.0
2923759	16.0
2923863	15.0
2923873	16.0
2923894	17.0
2923907	16.0
2924203	15.0
2925644	16.0
2925658	15.0
2925965	16.0
2925978	15.0
2926442	16.0
2929308	17.0
2929626	16.0
2929736	17.0
2931024	16.0
2931698	17.0
2932345	18.0
2932855	17.0
2993383	18.0
2993397	17.0
2993770	18.0
2993780	17.0
2993845	18.0
2995235	17.0
2995741	18.0
2996983	17.0
2997659	18.0
2997671	17.0
3115915	18.0
3117081	17.0
3118085	18.0
3118250	17.0
3118818	18.0
3119150	17.0
3260002	19.0
3260476	18.0
3260477	17.0
3261652	16.0
3262581	17.0
3263157	16.0
3263377	17.0
3263387	16.0
3263653	17.0
3263824	16.0
3264241	17.0
3352459	18.0
3352469	17.0
3357005	18.0
3357017	17.0
3357319	18.0
3357863	17.0
3432756	16.0
3435920	17.0
3440282	18.0
3440779	17.0
3440819	18.0
3440835	17.0
3440877	18.0
3440889	19.0
3440902	18.0
3440903	17.0
3440904	19.0
3440923	20.0
3441063	22.0
3441066	22.0
3441072	21.0
3441073	20.0
3441102	19.0
3441152	18.0
3441267	19.0
3441279	18.0
3442525	17.0
3442570	18.0
3442581	17.0
3442684	18.0
3442986	20.0
3443562	19.0
3443563	18.0
3444434	19.0
3444446	18.0
3444456	19.0
3444468	18.0
3444483	19.0
3444495	18.0
3444497	19.0
3444507	20.0
3444508	19.0
3444509	18.0
3444518	17.0
3444616	18.0
3444630	17.0
3444655	19.0
3444665	18.0
3444666	17.0
3444743	18.0
3445443	20.0
3445601	19.0
3445602	18.0
3445886	20.0
3446147	19.0
3446437	20.0
3446589	21.0
3446608	19.0
3446609	18.0
3446641	21.0
3446746	20.0
3446747	19.0
3446748	18.0
3446793	19.0
3446800	18.0
3446919	17.0
3447080	18.0
3447087	17.0
3447168	18.0
3447487	20.0
3447496	19.0
3447497	18.0
3447567	20.0
3447954	19.0
3447955	18.0
3447979	20.0
3448333	19.0
3448422	20.0
3449273	19.0
3449394	20.0
3451062	19.0
3451064	18.0
3451065	16.0
3451066	13.0
3451067	12.0
3451085	20.0
3451088	20.0
3451090	19.0
3451092	18.0
3451093	16.0
3451094	13.0
3451095	12.0
3451153	20.0
3451158	19.0
3451160	18.0
3451161	16.0
3451162	13.0
3451163	12.0
3451241	20.0
3451648	18.0
3451649	17.0
3451650	15.0
3451651	13.0
3451652	12.0
3451655	20.0
3451896	21.0
3452022	20.0
3452249	19.0
3452325	18.0
3452443	17.0
3452498	18.0
3452552	17.0
3452553	16.0
3452554	14.0
3452555	12.0
3452556	11.0
3452571	18.0
3452575	18.0
3452578	17.0
3452579	16.0
3452580	14.0
3452581	12.0
3452582	11.0
3452618	12.0
3452628	11.0
3452643	18.0
3452656	19.0
3452699	18.0
3452701	17.0
3452702	15.0
3452703	12.0
3452704	10.0
3452705	9.0
3452714	19.0
3452718	19.0
3452720	18.0
3452722	17.0
3452723	14.0
3452724	10.0
3452725	9.0
3452761	10.0
3452768	20.0
3452772	19.0
3452773	19.0
3452774	18.0
3452776	17.0
3452777	15.0
3452778	19.0
3452862	20.0
3452873	19.0
3452998	17.0
3452999	16.0
3453000	14.0
3453001	12.0
3453002	11.0
3453026	10.0
3453027	9.0
3453084	19.0
3453088	20.0
3453261	19.0
3453262	18.0
3453334	20.0
3453338	20.0
3453344	19.0
3453345	18.0
3453347	17.0
3453998	16.0
3453999	15.0
3454000	13.0
3454001	12.0
3454002	11.0
3454266	17.0
3454270	17.0
3454274	16.0
3454275	15.0
3454276	12.0
3454277	11.0
3454618	17.0
3455912	16.0
3455913	15.0
3455914	13.0
3455915	12.0
3455916	11.0
3456044	17.0
3456667	16.0
3456668	15.0
3456669	13.0
3456670	12.0
3456671	11.0
3456681	17.0
3456689	16.0
3456690	15.0
3456691	13.0
3456692	12.0
3456693	11.0
3456729	17.0
3456737	16.0
3456738	15.0
3456739	13.0
3456740	12.0
3456741	11.0
3457259	17.0
3457600	16.0
3457778	17.0
3457786	16.0
3457791	15.0
3457792	13.0
3457793	12.0
3457794	11.0
3458530	16.0
3511450	17.0
3511461	16.0
3527639	17.0
3528076	16.0
4035970	17.0
4035984	16.0
4038484	17.0
4038509	16.0
4048714	17.0
4049078	16.0
4059058	15.0
4059059	14.0
4059063	16.0
4059076	15.0
4059077	14.0
4059120	15.0
4059328	16.0
4059501	15.0
4059640	14.0
4059977	15.0
4060516	14.0
4060747	15.0
4061088	16.0
4062051	15.0
4062052	14.0
4062157	16.0
4063257	15.0
4063258	14.0
4063534	16.0
4065061	15.0
4066376	14.0
4066414	15.0
4066428	14.0
4124682	15.0
4125278	14.0
4132220	15.0
4132346	14.0
4133898	15.0
4133966	14.0
4134526	15.0
4135733	14.0
4135821	15.0
4135832	14.0
4135844	15.0
4135853	14.0
4470343	13.0
4470344	12.0
4471117	14.0
4472601	13.0
4472602	12.0
4473133	14.0
4473364	13.0
4473365	12.0
4473969	14.0
4473981	13.0
4473982	12.0
4474092	14.0
4474097	14.0
4474103	13.0
4474104	12.0
4476598	14.0
4476855	13.0
4476856	12.0
4485520	14.0
4486227	13.0
4486228	12.0
4486235	14.0
4486246	13.0
4486247	12.0
4486323	14.0
4487212	13.0
4487213	12.0
4487393	14.0
4488049	13.0
4488050	12.0
4550125	13.0
4553027	12.0
4553375	13.0
4553575	12.0
4553869	13.0
4553881	12.0
4554416	13.0
4554514	12.0
4554733	13.0
4555129	12.0
4556592	13.0
4556926	14.0
4556963	13.0
4557069	12.0
4557142	13.0
4557197	12.0
4557596	13.0
4557608	12.0
4557794	13.0
4558449	15.0
4558699	14.0
4559126	15.0
4559139	14.0
4559325	15.0
4559331	16.0
4559343	15.0
4559459	16.0
4559471	15.0
4560092	14.0
4560098	13.0
4560664	12.0
4560679	13.0
4560845	14.0
4561216	13.0
4561230	14.0
4561241	13.0
4561435	14.0
4561726	13.0
4562074	12.0
4563232	14.0
4563244	13.0
4563245	12.0
4563861	13.0
4565112	12.0
4565385	13.0
4565397	12.0
4565483	13.0
4565495	12.0
4580349	11.0
4580350	9.0
4580351	8.0
4580352	7.0
4580416	12.0
4580550	11.0
4580551	9.0
4580552	8.0
4580553	7.0
4580846	12.0
4581484	11.0
4581485	9.0
4581486	8.0
4581487	7.0
4581657	12.0
4582202	11.0
4582203	9.0
4582204	8.0
4582205	7.0
4582511	12.0
4582520	11.0
4582521	9.0
4582522	8.0
4582523	7.0
4582562	12.0
4583221	11.0
4583222	9.0
4583223	8.0
4583224	7.0
4583498	12.0
4583961	11.0
4583962	9.0
4583963	8.0
4583964	7.0
4584583	12.0
4585397	11.0
4585398	9.0
4585399	8.0
4585400	7.0
4585930	12.0
4627908	13.0
4628743	12.0
4635005	11.0
4635006	9.0
4635007	8.0
4635008	7.0
4635201	12.0
4635741	13.0
4635752	12.0
4635764	13.0
4635776	12.0
4635848	13.0
4635860	12.0
4636116	13.0
4636716	12.0
4636717	10.0
4636718	8.0
4636719	7.0
4636773	13.0
4637760	12.0
4637761	10.0
4637762	8.0
4637763	7.0
4637928	13.0
4639107	12.0
4639108	10.0
4639109	8.0
4639110	7.0
4639208	12.0
4640375	11.0
4640376	9.0
4640377	8.0
4640378	7.0
4641003	12.0
4641012	11.0
4641013	9.0
4641014	8.0
4641015	7.0
4642631	12.0
4642669	13.0
4643162	12.0
4643163	10.0
4643164	9.0
4643165	8.0
4643180	9.0
4643192	8.0
4643242	9.0
4643254	8.0
4643317	9.0
4643321	14.0
4643328	13.0
4643405	14.0
4643504	13.0
4643557	14.0
4643725	15.0
4643912	14.0
4643914	15.0
4644169	14.0
4644237	15.0
4644249	14.0
4644277	15.0
4644323	14.0
4644503	15.0
4644579	14.0
4644671	15.0
4644684	14.0
4644720	15.0
4644798	14.0
4644991	15.0
4645003	14.0
4645006	15.0
4645017	14.0
4645111	15.0
4645123	14.0
4647327	13.0
4647426	14.0
4647437	13.0
4647487	14.0
4647713	13.0
4647727	14.0
4647739	13.0
4647776	14.0
4648127	13.0
4648395	12.0
4649901	14.0
4649906	14.0
4649912	13.0
4649913	12.0
4650005	14.0
4650270	15.0
4650282	14.0
4650350	15.0
4651141	14.0
4651156	15.0
4651167	14.0
4651282	13.0
4651283	11.0
4651284	10.0
4651285	9.0
4651469	10.0
4651482	9.0
4653385	14.0
4653466	13.0
4653467	11.0
4653468	10.0
4653469	9.0
4653506	10.0
4653601	15.0
4653611	14.0
4653612	12.0
4653613	11.0
4653614	10.0
4653699	15.0
4654128	16.0
4654221	15.0
4654391	14.0
4654959	13.0
4654960	11.0
4654961	10.0
4654962	9.0
4654974	14.0
4654983	13.0
4654984	11.0
4654985	10.0
4654986	9.0
4655015	14.0
4655019	14.0
4655023	13.0
4655024	11.0
4655025	10.0
4655026	9.0
4655678	14.0
4655990	13.0
4656635	12.0
4656636	10.0
4656637	9.0
4656638	8.0
4656771	13.0
4656990	14.0
4657003	13.0
4657028	12.0
4657029	9.0
4657030	8.0
4657207	14.0
4657233	13.0
4657261	14.0
4657270	13.0
4657408	14.0
4657493	15.0
4658133	14.0
4658134	13.0
4658167	14.0
4658169	16.0
4658178	15.0
4658227	16.0
4658294	15.0
4658303	14.0
4658304	13.0
4658307	15.0
4658344	14.0
4658428	15.0
4658544	14.0
4658552	15.0
4659116	13.0
4659117	12.0
4659267	14.0
4659279	13.0
4659280	12.0
4659332	14.0
4659344	13.0
4659345	12.0
4659357	14.0
4659362	14.0
4659368	13.0
4659369	12.0
4659534	13.0
4659555	15.0
4661634	13.0
4661635	12.0
4661737	15.0
4661839	14.0
4662007	15.0
4662052	16.0
4662065	15.0
4662160	16.0
4662173	15.0
4662208	14.0
4662219	15.0
4662245	14.0
4664486	15.0
4665359	14.0
4665373	15.0
4665954	14.0
4667633	15.0
4667714	14.0
4667892	15.0
4667905	14.0
4671707	15.0
4671720	14.0
4671900	15.0
4671941	14.0
4733028	15.0
4733040	14.0
4737607	13.0
4738569	14.0
4738582	13.0
4739424	14.0
4739455	15.0
4739647	14.0
4739648	13.0
4740974	14.0
4740987	13.0
4741006	14.0
4741019	13.0
4742210	12.0
4742341	13.0
4742344	13.0
4742348	12.0
4742719	13.0
4742727	12.0
4742783	13.0
4743324	12.0
4743813	13.0
4744538	12.0
4744698	13.0
4744706	12.0
4744833	13.0
4745135	12.0
4745332	13.0
4745335	13.0
4745339	12.0
4745439	13.0
4745442	13.0
4745446	12.0
4745579	13.0
4745582	13.0
4745586	12.0
4745947	13.0
4746108	12.0
4747118	13.0
4747731	12.0
4748027	13.0
4748648	12.0
4749235	13.0
4749243	12.0
4749250	13.0
4749605	12.0
4749961	13.0
4750323	14.0
4750337	13.0
4750409	12.0
4750443	13.0
4750970	12.0
4751645	13.0
4757845	12.0
4758153	13.0
4758548	12.0
4759005	13.0
4759008	13.0
4759012	12.0
4759538	13.0
4759586	12.0
5184514	11.0
5184517	10.0
5254814	7.0
5254815	5.0
5254816	4.0
5255011	3.0
5255012	2.0
5255270	8.0
5255296	5.0
5255297	3.0
5255298	2.0
5255299	1.0
5255779	8.0
5255797	8.0
5256024	5.0
5256025	3.0
5256026	2.0
5256027	1.0
5256160	8.0
5256174	5.0
5256175	2.0
5256176	1.0
5256188	8.0
5256333	5.0
5256334	3.0
5256335	2.0
5256336	1.0
5256484	8.0
5256491	8.0
5256495	5.0
5256496	3.0
5256497	2.0
5256498	1.0
5258540	2.0
5258594	1.0
5259481	0.0
