1031778	1.0
1032073	16.0
1032077	19.0
1032279	17.0
1032280	15.0
1032281	9.0
1032282	5.0
1032283	1.0
1032284	0.0
1032306	19.0
1032405	17.0
1032406	16.0
1032407	11.0
1032408	8.0
1032409	7.0
1032985	19.0
1032992	19.0
1032995	17.0
1032996	14.0
1032997	10.0
1032998	8.0
1032999	7.0
1033141	19.0
1033272	17.0
1033273	16.0
1033274	11.0
1033275	8.0
1033276	7.0
1033383	19.0
1033390	19.0
1033393	17.0
1033394	16.0
1033395	11.0
1033396	8.0
1033397	7.0
1033499	19.0
1036392	20.0
1036407	19.0
1036410	20.0
1036429	19.0
1036452	20.0
1036610	19.0
1039525	23.0
1040174	22.0
1040175	21.0
1040176	20.0
1040177	19.0
1040407	23.0
1042218	22.0
1042219	21.0
1042220	20.0
1042221	19.0
1042255	23.0
1042265	22.0
1042266	21.0
1042267	20.0
1042268	19.0
1042370	23.0
1042984	23.0
1042991	23.0
1042995	22.0
1042996	21.0
1042997	20.0
1042998	19.0
1043100	23.0
1045526	22.0
1045527	21.0
1045528	20.0
1045529	19.0
1045647	23.0
1046431	22.0
1046432	21.0
1046433	20.0
1046434	19.0
1046554	23.0
1046566	22.0
1046567	21.0
1046568	20.0
1046569	19.0
1046643	23.0
1046655	22.0
1046656	21.0
1046657	20.0
1046658	19.0
1046772	23.0
1046779	23.0
1046783	22.0
1046784	21.0
1046785	20.0
1046786	19.0
1046919	23.0
1046926	23.0
1046930	22.0
1046931	21.0
1046932	20.0
1046933	19.0
1047150	23.0
1047157	23.0
1047161	22.0
1047162	21.0
1047163	20.0
1047164	19.0
1047261	23.0
1047268	23.0
1047272	22.0
1047273	21.0
1047274	20.0
1047275	19.0
1047307	23.0
1047319	22.0
1047320	21.0
1047321	20.0
1047322	19.0
1047480	23.0
1053437	22.0
1106218	21.0
1106219	20.0
1106851	22.0
1109096	22.0
1110625	23.0
1110649	22.0
1110665	23.0
1110677	22.0
1110692	23.0
1111291	24.0
1111307	23.0
1111509	24.0
1112009	23.0
1112135	21.0
1112136	20.0
1112219	21.0
1112234	20.0
1112280	23.0
1112410	24.0
1112423	23.0
1112487	24.0
1112909	23.0
1113125	24.0
1113779	23.0
1116092	21.0
1116093	20.0
1116154	23.0
1116167	21.0
1116168	20.0
1116218	23.0
1120353	24.0
1120460	23.0
1121008	22.0
1121009	21.0
1121010	20.0
1121060	23.0
1121624	21.0
1121625	20.0
1121737	23.0
1122080	22.0
1122081	21.0
1122082	20.0
1123012	23.0
1123403	21.0
1123404	20.0
1123589	19.0
1123907	22.0
1124157	20.0
1124158	19.0
1126346	22.0
1126352	22.0
1126358	20.0
1126359	19.0
1127279	22.0
1127285	22.0
1127291	20.0
1127292	19.0
1128588	22.0
1129054	20.0
1129055	19.0
1209318	21.0
1209331	20.0
1209332	19.0
1209528	21.0
1210092	20.0
1210093	19.0
1210482	21.0
1213024	20.0
1213369	21.0
1214584	20.0
1214656	21.0
1214811	20.0
1214957	21.0
1221513	20.0
1237343	21.0
1237891	20.0
1238316	21.0
1238923	20.0
1239975	21.0
1240010	20.0
1240691	21.0
1240704	20.0
1240848	21.0
1240860	20.0
1241195	21.0
1241207	20.0
1241476	21.0
1241676	20.0
1241732	21.0
1241745	20.0
1241883	21.0
1242513	20.0
1243559	21.0
1243571	20.0
1243724	21.0
1244276	20.0
1244515	21.0
1244528	20.0
1244561	21.0
1245218	20.0
1245475	21.0
1246113	20.0
1246319	21.0
1247175	20.0
1248964	21.0
1248976	20.0
1249048	21.0
1249060	20.0
1249207	21.0
1249579	20.0
1250742	21.0
1251553	20.0
1252675	21.0
1253316	20.0
1254436	21.0
1254637	20.0
1254757	21.0
1255132	20.0
1255396	21.0
1257939	20.0
1258131	21.0
1258789	20.0
1258968	21.0
1258981	20.0
1259105	21.0
1259588	20.0
1259836	21.0
1260523	20.0
1260794	21.0
1260930	20.0
1261059	21.0
1261071	20.0
1261192	21.0
1261415	20.0
1261638	21.0
1262314	20.0
1262535	21.0
1263283	20.0
1263477	21.0
1264114	20.0
1264451	21.0
1265070	20.0
1266116	21.0
1267723	20.0
1268041	21.0
1268680	20.0
1269021	21.0
1269515	20.0
1276038	21.0
1279452	20.0
1282307	21.0
1282319	20.0
1282342	21.0
1282354	20.0
1282566	21.0
1285358	20.0
1285554	21.0
1286327	20.0
1287032	21.0
1323337	20.0
1323476	21.0
1324117	20.0
1324498	21.0
1324992	20.0
1325175	21.0
1325884	20.0
1326083	21.0
1326096	20.0
1326211	21.0
1326784	20.0
1326969	21.0
1326982	20.0
1327118	21.0
1327130	20.0
1327357	21.0
1327369	20.0
1327491	21.0
1327503	20.0
1327704	21.0
1327716	20.0
1328757	21.0
1329643	20.0
1330556	21.0
1331403	20.0
1333276	21.0
1336765	20.0
1336914	21.0
1337594	20.0
1338438	21.0
1338450	20.0
1339556	21.0
1340422	20.0
1340585	21.0
1340598	20.0
1340635	21.0
1342008	20.0
1342275	21.0
1344001	20.0
1344956	21.0
1345728	20.0
1347635	21.0
1349383	20.0
1350355	21.0
1360251	20.0
1360269	21.0
1360281	20.0
1362961	21.0
1365457	20.0
1366731	21.0
1367318	20.0
1371404	21.0
1398143	20.0
1398379	21.0
1398391	20.0
1398543	21.0
1403379	20.0
1404153	21.0
1409514	20.0
1409867	21.0
1410148	20.0
1411591	21.0
1412417	20.0
1413140	21.0
1413153	20.0
1413221	21.0
1413234	20.0
1413341	21.0
1414062	20.0
1414270	21.0
1415916	20.0
1415995	21.0
1417711	20.0
1417871	21.0
1418558	20.0
1418763	21.0
1419595	20.0
1419755	21.0
1419768	20.0
1419790	21.0
1420367	20.0
1423090	21.0
1423103	20.0
1423126	21.0
1423139	20.0
1423350	21.0
1423953	20.0
1425793	21.0
1425805	20.0
1426011	21.0
1426692	20.0
1427043	21.0
1427638	20.0
1427899	21.0
1428453	20.0
1429552	21.0
1429564	20.0
1429671	21.0
1430064	20.0
1430173	21.0
1430185	20.0
1430262	21.0
1430274	20.0
1431392	21.0
1432140	20.0
1433189	21.0
1433876	20.0
1434269	21.0
1434772	20.0
1434992	21.0
1435020	20.0
1435193	21.0
1436484	20.0
1437670	21.0
1443878	20.0
1449012	21.0
1449273	22.0
1449399	21.0
1449417	22.0
1449430	21.0
1449601	22.0
1450470	21.0
1450483	22.0
1450743	23.0
1452204	22.0
1452465	21.0
1452715	22.0
1453513	23.0
1454312	22.0
1454631	23.0
1454642	22.0
1454834	23.0
1455178	22.0
1455632	23.0
1455644	22.0
1464200	23.0
1464239	22.0
1464309	23.0
1464321	22.0
1464653	23.0
1464677	22.0
1464687	23.0
1464699	22.0
1464949	23.0
1464960	22.0
1465310	23.0
1465835	22.0
1466002	23.0
1468346	22.0
1468668	23.0
1468965	22.0
1468978	23.0
1468990	22.0
1469122	23.0
1469358	22.0
1469373	23.0
1473489	24.0
1474066	23.0
1474174	24.0
1490525	25.0
1490538	24.0
1490995	25.0
1495055	24.0
1495661	25.0
1497908	24.0
1500644	25.0
1522298	24.0
1530384	25.0
1532654	24.0
1532730	25.0
1533809	24.0
1534039	25.0
1534216	24.0
1535944	25.0
1536642	24.0
1536834	25.0
1536847	24.0
1536872	25.0
1537415	24.0
1537470	25.0
1537541	24.0
1537709	25.0
1547202	24.0
1547203	23.0
1547643	25.0
1548283	24.0
1548284	23.0
1548373	25.0
1550097	24.0
1550126	23.0
1550127	22.0
1550682	25.0
1550695	23.0
1550696	22.0
1550915	24.0
1550928	23.0
1550929	22.0
1551639	25.0
1552652	24.0
1553362	25.0
1553376	24.0
1553385	25.0
1553398	24.0
1553606	23.0
1553607	22.0
1553665	24.0
1553678	23.0
1553679	22.0
1553890	23.0
1553903	22.0
1554430	25.0
1554717	24.0
1554956	25.0
1555334	24.0
1555601	23.0
1555602	22.0
1556228	24.0
1556241	23.0
1556242	22.0
1556803	24.0
1556888	25.0
1556902	24.0
1557068	25.0
1557081	24.0
1557144	25.0
1560049	23.0
1560050	22.0
1629813	23.0
1637678	24.0
1637690	23.0
1637797	24.0
1638221	23.0
1638267	24.0
1638390	23.0
1638841	24.0
1640078	20.0
1640079	19.0
1648591	18.0
1649384	19.0
1651162	18.0
1651173	19.0
1651651	18.0
1651775	19.0
1652235	18.0
1654372	17.0
1721613	18.0
1721625	17.0
1721631	18.0
1721643	17.0
1721656	18.0
1721668	17.0
1721694	18.0
1721709	17.0
1721844	18.0
1723820	17.0
2061769	22.0
2061899	20.0
2061900	18.0
2061901	17.0
2063868	21.0
2063880	19.0
2063881	18.0
2063882	17.0
2066690	21.0
2066703	18.0
2066704	17.0
2066941	21.0
2067422	21.0
2067435	18.0
2067436	17.0
2067499	21.0
2067512	18.0
2067513	17.0
2067941	21.0
2068326	18.0
2068327	17.0
2068495	21.0
2072068	18.0
2072069	17.0
2130711	18.0
2136954	22.0
2137181	20.0
2137182	19.0
2137183	18.0
2216219	19.0
2216235	18.0
2230117	19.0
2230129	18.0
2230938	19.0
2231811	20.0
2233125	19.0
2233626	20.0
2233641	19.0
2233662	20.0
2233675	19.0
2233716	20.0
2234044	21.0
2236625	20.0
2237263	19.0
2237925	23.0
2237938	20.0
2237939	19.0
2238159	23.0
2238276	24.0
2238289	23.0
2238292	24.0
2238664	23.0
2238780	24.0
2239338	25.0
2239353	24.0
2240661	25.0
2241749	24.0
2241750	23.0
2241834	25.0
2241897	24.0
2241898	23.0
2241952	25.0
2242133	24.0
2242162	23.0
2242163	22.0
2242204	24.0
2242317	25.0
2242326	24.0
2242450	25.0
2242611	24.0
2242681	25.0
2242692	24.0
2242707	25.0
2242718	24.0
2242729	25.0
2244662	26.0
2245773	25.0
2247792	24.0
2247959	25.0
2247970	24.0
2248399	25.0
2248409	24.0
2248423	25.0
2248435	24.0
2251900	23.0
2257954	22.0
2317954	24.0
2318813	25.0
2318823	24.0
2318887	25.0
2319069	24.0
2319096	23.0
2319118	24.0
2319163	25.0
2319174	24.0
2319181	25.0
2319242	24.0
2319270	23.0
2319286	24.0
2319296	23.0
2321113	22.0
2321833	23.0
2321844	22.0
2322543	23.0
2322582	24.0
2322593	23.0
2322594	24.0
2322606	23.0
2322619	24.0
2322631	23.0
2322690	24.0
2322691	25.0
2322761	24.0
2323283	25.0
2323294	24.0
2323807	25.0
2323852	24.0
2329917	25.0
2329921	25.0
2329927	23.0
2329928	22.0
2333836	23.0
2334049	22.0
2676855	21.0
2677505	22.0
2677707	21.0
2735444	22.0
2735459	23.0
2735676	22.0
2735677	21.0
2735687	23.0
2735702	22.0
2735703	21.0
2736225	23.0
2736717	22.0
2736718	21.0
2754451	20.0
2754525	21.0
2754581	20.0
2821937	21.0
2821949	20.0
2821963	21.0
2821975	20.0
2821990	21.0
2822002	20.0
2822017	21.0
2822029	20.0
2822044	21.0
2822056	20.0
2822071	21.0
2824722	20.0
2824937	21.0
2825633	20.0
2827434	21.0
2827446	20.0
2828040	21.0
2828044	22.0
2828055	21.0
2828070	22.0
2828095	21.0
2828096	20.0
2829204	19.0
2829205	18.0
2829235	20.0
2830066	19.0
2830067	18.0
2830430	20.0
2830434	20.0
2830440	19.0
2830441	18.0
2830559	20.0
2830903	19.0
2830904	18.0
2835700	22.0
2835767	21.0
2835768	20.0
2835769	19.0
2835770	18.0
2837108	17.0
2848718	16.0
2850320	17.0
2850332	17.0
2850345	16.0
2850531	17.0
2850546	16.0
2916359	17.0
2916450	16.0
2923748	17.0
2923759	16.0
2923863	15.0
2923870	16.0
2923897	17.0
2923907	16.0
2924203	15.0
2925647	16.0
2925658	15.0
2925968	16.0
2925978	15.0
2926445	16.0
2929305	17.0
2929626	16.0
2929739	17.0
2931024	16.0
2931695	17.0
2932348	18.0
2932855	17.0
2993380	18.0
2993397	17.0
2993767	18.0
2993780	17.0
2993842	18.0
2995235	17.0
2995740	18.0
2996983	17.0
2997658	18.0
2997671	17.0
3115912	18.0
3117081	17.0
3118082	18.0
3118250	17.0
3118815	18.0
3119150	17.0
3259999	19.0
3260476	18.0
3260477	17.0
3261646	16.0
3261647	11.0
3261648	8.0
3261649	5.0
3261650	2.0
3261651	1.0
3261652	0.0
3262575	17.0
3263151	16.0
3263152	11.0
3263153	8.0
3263154	5.0
3263155	2.0
3263156	1.0
3263157	0.0
3263371	17.0
3263381	16.0
3263382	11.0
3263383	8.0
3263384	5.0
3263385	2.0
3263386	1.0
3263387	0.0
3263647	17.0
3263818	16.0
3263819	11.0
3263820	8.0
3263821	5.0
3263822	2.0
3263823	1.0
3263824	0.0
3264235	17.0
3352454	18.0
3352469	17.0
3357004	18.0
3357017	17.0
3357318	18.0
3357863	17.0
3432756	16.0
3435919	17.0
3440281	18.0
3440779	17.0
3440818	18.0
3440835	17.0
3440876	18.0
3440888	19.0
3440902	18.0
3440903	19.0
3440922	20.0
3441062	22.0
3441066	22.0
3441072	21.0
3441073	20.0
3441102	19.0
3441152	18.0
3441266	19.0
3441279	18.0
3442525	17.0
3442569	18.0
3442581	17.0
3442683	18.0
3442985	20.0
3443562	19.0
3443563	18.0
3444433	19.0
3444446	18.0
3444455	19.0
3444468	18.0
3444482	19.0
3444495	18.0
3444496	19.0
3444506	20.0
3444508	19.0
3444509	18.0
3444518	17.0
3444615	18.0
3444630	17.0
3444654	19.0
3444665	18.0
3444666	17.0
3444742	18.0
3445442	20.0
3445601	19.0
3445602	18.0
3445885	20.0
3446147	19.0
3446436	20.0
3446588	21.0
3446608	19.0
3446609	18.0
3446640	21.0
3446746	20.0
3446747	19.0
3446748	18.0
3446791	19.0
3446800	18.0
3446919	17.0
3447078	18.0
3447087	17.0
3447166	18.0
3447485	20.0
3447496	19.0
3447497	18.0
3447565	20.0
3447954	19.0
3447955	18.0
3447977	20.0
3448333	19.0
3448420	20.0
3449273	19.0
3449391	20.0
3451062	19.0
3451064	18.0
3451065	16.0
3451066	13.0
3451067	12.0
3451084	20.0
3451088	20.0
3451090	19.0
3451092	18.0
3451093	16.0
3451094	13.0
3451095	12.0
3451152	20.0
3451158	19.0
3451160	18.0
3451161	16.0
3451162	13.0
3451163	12.0
3451240	20.0
3451648	18.0
3451649	17.0
3451650	15.0
3451651	13.0
3451652	12.0
3451654	20.0
3451895	21.0
3452022	20.0
3452249	19.0
3452325	18.0
3452443	17.0
3452497	18.0
3452552	17.0
3452553	16.0
3452554	14.0
3452555	12.0
3452556	11.0
3452568	18.0
3452575	18.0
3452578	17.0
3452579	16.0
3452580	14.0
3452581	12.0
3452582	11.0
3452617	12.0
3452628	11.0
3452642	18.0
3452655	19.0
3452699	18.0
3452701	17.0
3452702	15.0
3452703	12.0
3452704	10.0
3452705	9.0
3452713	19.0
3452718	19.0
3452720	18.0
3452722	17.0
3452723	14.0
3452724	10.0
3452725	9.0
3452760	10.0
3452767	20.0
3452772	19.0
3452773	19.0
3452774	18.0
3452776	17.0
3452777	19.0
3452860	20.0
3452873	19.0
3452998	17.0
3452999	16.0
3453000	14.0
3453001	12.0
3453002	11.0
3453026	10.0
3453027	9.0
3453083	19.0
3453087	20.0
3453261	19.0
3453262	18.0
3453333	20.0
3453338	20.0
3453344	19.0
3453345	18.0
3453347	17.0
3453998	16.0
3453999	15.0
3454000	13.0
3454001	12.0
3454002	11.0
3454265	17.0
3454270	17.0
3454274	16.0
3454275	15.0
3454276	12.0
3454277	11.0
3454615	17.0
3455912	16.0
3455913	15.0
3455914	13.0
3455915	12.0
3455916	11.0
3456041	17.0
3456667	16.0
3456668	15.0
3456669	13.0
3456670	12.0
3456671	11.0
3456678	17.0
3456689	16.0
3456690	15.0
3456691	13.0
3456692	12.0
3456693	11.0
3456726	17.0
3456737	16.0
3456738	15.0
3456739	13.0
3456740	12.0
3456741	11.0
3457256	17.0
3457600	16.0
3457775	17.0
3457786	16.0
3457791	15.0
3457792	13.0
3457793	12.0
3457794	11.0
3458527	16.0
3511447	17.0
3511461	16.0
3527638	17.0
3528076	16.0
4035969	17.0
4035984	16.0
4038487	17.0
4038509	16.0
4048713	17.0
4049078	16.0
4059058	15.0
4059059	14.0
4059062	16.0
4059076	15.0
4059077	14.0
4059119	15.0
4059327	16.0
4059501	15.0
4059640	14.0
4059976	15.0
4060516	14.0
4060746	15.0
4061087	16.0
4062051	15.0
4062052	14.0
4062156	16.0
4063257	15.0
4063258	14.0
4063533	16.0
4065061	15.0
4066376	14.0
4066413	15.0
4066428	14.0
4124679	15.0
4125278	14.0
4132218	15.0
4132346	14.0
4133897	15.0
4133966	14.0
4134525	15.0
4135733	14.0
4135820	15.0
4135832	14.0
4135842	15.0
4135853	14.0
4470343	13.0
4470344	12.0
4471114	14.0
4472601	13.0
4472602	12.0
4473130	14.0
4473364	13.0
4473365	12.0
4473966	14.0
4473981	13.0
4473982	12.0
4474089	14.0
4474103	13.0
4474104	12.0
4476595	14.0
4476855	13.0
4476856	12.0
4485517	14.0
4486227	13.0
4486228	12.0
4486232	14.0
4486246	13.0
4486247	12.0
4486320	14.0
4487212	13.0
4487213	12.0
4487390	14.0
4488049	13.0
4488050	12.0
4550122	13.0
4553027	12.0
4553372	13.0
4553575	12.0
4553866	13.0
4553881	12.0
4554413	13.0
4554514	12.0
4554730	13.0
4555129	12.0
4556591	13.0
4556923	14.0
4556963	13.0
4557069	12.0
4557139	13.0
4557197	12.0
4557595	13.0
4557608	12.0
4557793	13.0
4558446	15.0
4558699	14.0
4559125	15.0
4559139	14.0
4559324	15.0
4559330	16.0
4559343	15.0
4559458	16.0
4559471	15.0
4560092	14.0
4560098	13.0
4560664	12.0
4560678	13.0
4560842	14.0
4561216	13.0
4561227	14.0
4561241	13.0
4561432	14.0
4561726	13.0
4562074	12.0
4563231	14.0
4563244	13.0
4563245	12.0
4563858	13.0
4565112	12.0
4565382	13.0
4565397	12.0
4565480	13.0
4565495	12.0
4580349	11.0
4580350	9.0
4580351	8.0
4580352	7.0
4580413	12.0
4580550	11.0
4580551	9.0
4580552	8.0
4580553	7.0
4580843	12.0
4581484	11.0
4581485	9.0
4581486	8.0
4581487	7.0
4581654	12.0
4582202	11.0
4582203	9.0
4582204	8.0
4582205	7.0
4582508	12.0
4582520	11.0
4582521	9.0
4582522	8.0
4582523	7.0
4582559	12.0
4583221	11.0
4583222	9.0
4583223	8.0
4583224	7.0
4583495	12.0
4583961	11.0
4583962	9.0
4583963	8.0
4583964	7.0
4584580	12.0
4585397	11.0
4585398	9.0
4585399	8.0
4585400	7.0
4585927	12.0
4627905	13.0
4628743	12.0
4635005	11.0
4635006	9.0
4635007	8.0
4635008	7.0
4635198	12.0
4635738	13.0
4635752	12.0
4635761	13.0
4635776	12.0
4635845	13.0
4635860	12.0
4636113	13.0
4636716	12.0
4636717	10.0
4636718	8.0
4636719	7.0
4636770	13.0
4637760	12.0
4637761	10.0
4637762	8.0
4637763	7.0
4637928	13.0
4639107	12.0
4639108	10.0
4639109	8.0
4639110	7.0
4639207	12.0
4640375	11.0
4640376	9.0
4640377	8.0
4640378	7.0
4641000	12.0
4641012	11.0
4641013	9.0
4641014	8.0
4641015	7.0
4642628	12.0
4642666	13.0
4643162	12.0
4643163	10.0
4643164	9.0
4643165	8.0
4643177	9.0
4643192	8.0
4643239	9.0
4643254	8.0
4643315	9.0
4643319	14.0
4643328	13.0
4643403	14.0
4643504	13.0
4643554	14.0
4643723	15.0
4644169	14.0
4644234	15.0
4644249	14.0
4644274	15.0
4644323	14.0
4644501	15.0
4644579	14.0
4644670	15.0
4644684	14.0
4644717	15.0
4644798	14.0
4644990	15.0
4645003	15.0
4645017	14.0
4645110	15.0
4645123	14.0
4647327	13.0
4647425	14.0
4647437	13.0
4647484	14.0
4647713	13.0
4647724	14.0
4647739	13.0
4647775	14.0
4648127	13.0
4648395	12.0
4649900	14.0
4649906	14.0
4649912	13.0
4649913	12.0
4650004	14.0
4650267	15.0
4650282	14.0
4650347	15.0
4651141	14.0
4651153	15.0
4651167	14.0
4651282	13.0
4651283	11.0
4651284	10.0
4651285	9.0
4651468	10.0
4651482	9.0
4653384	14.0
4653466	13.0
4653467	11.0
4653468	10.0
4653469	9.0
4653505	10.0
4653600	15.0
4653611	14.0
4653612	12.0
4653613	11.0
4653614	10.0
4653696	15.0
4654127	16.0
4654221	15.0
4654391	14.0
4654959	13.0
4654960	11.0
4654961	10.0
4654962	9.0
4654971	14.0
4654983	13.0
4654984	11.0
4654985	10.0
4654986	9.0
4655012	14.0
4655019	14.0
4655023	13.0
4655024	11.0
4655025	10.0
4655026	9.0
4655675	14.0
4655990	13.0
4656635	12.0
4656636	10.0
4656637	9.0
4656638	8.0
4656772	13.0
4656987	14.0
4657003	13.0
4657028	12.0
4657029	9.0
4657030	8.0
4657204	14.0
4657233	13.0
4657258	14.0
4657270	13.0
4657409	14.0
4657494	15.0
4658133	14.0
4658134	13.0
4658168	14.0
4658170	16.0
4658178	15.0
4658226	16.0
4658294	15.0
4658303	14.0
4658304	13.0
4658308	15.0
4658344	14.0
4658429	15.0
4658544	14.0
4658553	15.0
4659116	13.0
4659117	12.0
4659268	14.0
4659279	13.0
4659280	12.0
4659333	14.0
4659344	13.0
4659345	12.0
4659358	14.0
4659362	14.0
4659368	13.0
4659369	12.0
4659535	13.0
4659556	15.0
4661634	13.0
4661635	12.0
4661738	15.0
4661839	14.0
4662008	15.0
4662053	16.0
4662065	15.0
4662161	16.0
4662173	15.0
4662208	14.0
4662220	15.0
4662245	14.0
4664485	15.0
4665359	14.0
4665372	15.0
4665954	14.0
4667632	15.0
4667714	14.0
4667891	15.0
4667905	14.0
4671706	15.0
4671720	14.0
4671899	15.0
4671941	14.0
4733027	15.0
4733040	14.0
4737607	13.0
4738568	14.0
4738582	13.0
4739423	14.0
4739454	15.0
4739647	14.0
4739648	13.0
4740973	14.0
4740987	13.0
4741005	14.0
4741019	13.0
4742210	12.0
4742342	13.0
4742344	13.0
4742348	12.0
4742720	13.0
4742727	12.0
4742784	13.0
4743324	12.0
4743814	13.0
4744538	12.0
4744699	13.0
4744706	12.0
4744834	13.0
4745135	12.0
4745333	13.0
4745335	13.0
4745339	12.0
4745440	13.0
4745442	13.0
4745446	12.0
4745580	13.0
4745582	13.0
4745586	12.0
4745948	13.0
4746108	12.0
4747119	13.0
4747731	12.0
4748028	13.0
4748648	12.0
4749236	13.0
4749243	12.0
4749251	13.0
4749605	12.0
4749962	13.0
4750322	14.0
4750337	13.0
4750409	12.0
4750444	13.0
4750970	12.0
4751646	13.0
4757845	12.0
4758154	13.0
4758548	12.0
4759006	13.0
4759008	13.0
4759012	12.0
4759539	13.0
4759586	12.0
5184514	11.0
5184517	10.0
5254814	7.0
5254815	5.0
5254816	4.0
5255011	2.0
5255012	1.0
5267871	2.0
5268684	1.0
5268685	0.0
