412835	1.0
412873	0.0
412881	1.0
415399	0.0
418395	1.0
418409	2.0
419455	1.0
419456	0.0
419995	1.0
420064	0.0
420913	2.0
421078	1.0
422606	2.0
422620	1.0
425578	2.0
425621	1.0
428071	2.0
510658	6.0
510665	6.0
510670	5.0
510671	3.0
510672	2.0
510686	6.0
510693	6.0
510698	5.0
510699	3.0
510700	2.0
510708	6.0
510715	6.0
510720	5.0
510721	3.0
510722	2.0
510731	6.0
510738	6.0
510743	5.0
510744	3.0
510745	2.0
510753	6.0
510760	6.0
510765	5.0
510766	3.0
510767	2.0
510775	6.0
510791	7.0
510802	6.0
510807	7.0
510818	6.0
511050	7.0
512936	6.0
514186	5.0
514187	4.0
514188	3.0
514425	2.0
1005097	3.0
1005112	2.0
1010923	4.0
1011624	3.0
1011625	2.0
1017290	3.0
1017313	2.0
1017418	5.0
1017431	4.0
1017432	3.0
1017433	2.0
1024234	3.0
1024284	4.0
1024524	5.0
1024688	6.0
1024749	5.0
1024750	6.0
1024763	5.0
1024766	6.0
1024775	7.0
1024785	6.0
1024919	9.0
1025122	10.0
1025515	9.0
1026125	10.0
1026272	11.0
1026632	10.0
1026663	11.0
1026677	10.0
1026701	11.0
1027148	12.0
1028123	13.0
1028146	12.0
1028207	13.0
1029789	12.0
1029824	13.0
1029837	12.0
1029954	13.0
1031251	12.0
1031397	13.0
1031411	12.0
1032072	14.0
1032076	16.0
1032079	19.0
1032284	18.0
1032310	19.0
1032406	18.0
1032407	17.0
1032408	13.0
1032409	12.0
1032479	13.0
1032495	12.0
1032985	19.0
1032992	19.0
1032996	18.0
1032997	17.0
1032998	13.0
1032999	12.0
1033143	19.0
1033273	18.0
1033274	15.0
1033275	13.0
1033276	12.0
1033384	19.0
1033390	19.0
1033394	18.0
1033395	16.0
1033396	13.0
1033397	12.0
1033500	19.0
1036394	20.0
1036407	19.0
1036411	20.0
1036429	19.0
1036452	20.0
1036610	19.0
1039526	23.0
1040174	22.0
1040175	21.0
1040176	20.0
1040177	19.0
1040406	23.0
1042218	22.0
1042219	21.0
1042220	20.0
1042221	19.0
1042254	23.0
1042265	22.0
1042266	21.0
1042267	20.0
1042268	19.0
1042369	23.0
1042984	22.0
1042985	23.0
1042991	23.0
1042995	22.0
1042996	21.0
1042997	20.0
1042998	19.0
1043099	23.0
1045526	22.0
1045527	21.0
1045528	20.0
1045529	19.0
1045648	23.0
1046431	22.0
1046432	21.0
1046433	20.0
1046434	19.0
1046555	23.0
1046566	22.0
1046567	21.0
1046568	20.0
1046569	19.0
1046644	23.0
1046655	22.0
1046656	21.0
1046657	20.0
1046658	19.0
1046773	23.0
1046779	23.0
1046783	22.0
1046784	21.0
1046785	20.0
1046786	19.0
1046920	23.0
1046926	23.0
1046930	22.0
1046931	21.0
1046932	20.0
1046933	19.0
1047151	23.0
1047157	23.0
1047161	22.0
1047162	21.0
1047163	20.0
1047164	19.0
1047262	23.0
1047268	23.0
1047272	22.0
1047273	21.0
1047274	20.0
1047275	19.0
1047308	23.0
1047319	22.0
1047320	21.0
1047321	20.0
1047322	19.0
1047481	23.0
1053437	22.0
1106218	21.0
1106219	20.0
1106852	22.0
1109096	21.0
1109097	22.0
1110626	23.0
1110649	22.0
1110665	23.0
1110677	22.0
1110692	23.0
1111291	24.0
1111307	23.0
1111509	24.0
1112009	23.0
1112135	21.0
1112136	20.0
1112220	21.0
1112234	20.0
1112281	23.0
1112286	23.0
1112410	24.0
1112423	23.0
1112488	24.0
1112909	23.0
1113126	24.0
1113779	23.0
1116092	21.0
1116093	20.0
1116155	23.0
1116167	21.0
1116168	20.0
1116219	23.0
1120350	24.0
1120460	23.0
1121008	22.0
1121009	21.0
1121010	20.0
1121061	23.0
1121624	21.0
1121625	20.0
1121738	23.0
1122080	22.0
1122081	21.0
1122082	20.0
1123013	23.0
1123403	21.0
1123404	20.0
1123589	19.0
1123908	22.0
1124157	20.0
1124158	19.0
1126347	22.0
1126352	22.0
1126358	20.0
1126359	19.0
1127280	22.0
1127285	22.0
1127291	20.0
1127292	19.0
1128589	22.0
1129054	20.0
1129055	19.0
1209319	21.0
1209331	20.0
1209332	19.0
1209529	21.0
1210092	20.0
1210093	19.0
1210483	21.0
1213024	20.0
1213370	21.0
1214584	20.0
1214657	21.0
1214811	20.0
1214958	21.0
1221513	20.0
1237344	21.0
1237891	20.0
1238317	21.0
1238923	20.0
1239976	21.0
1240010	20.0
1240692	21.0
1240704	20.0
1240849	21.0
1240860	20.0
1241196	21.0
1241207	20.0
1241477	21.0
1241676	20.0
1241733	21.0
1241745	20.0
1241884	21.0
1242513	20.0
1243560	21.0
1243571	20.0
1243725	21.0
1244276	20.0
1244516	21.0
1244528	20.0
1244562	21.0
1245218	20.0
1245476	21.0
1246113	20.0
1246320	21.0
1247175	20.0
1248965	21.0
1248976	20.0
1249049	21.0
1249060	20.0
1249208	21.0
1249579	20.0
1250743	21.0
1251553	20.0
1252676	21.0
1253316	20.0
1254437	21.0
1254637	20.0
1254758	21.0
1255132	20.0
1255397	21.0
1257939	20.0
1258132	21.0
1258789	20.0
1258969	21.0
1258981	20.0
1259106	21.0
1259588	20.0
1259837	21.0
1260523	20.0
1260795	21.0
1260930	20.0
1261060	21.0
1261071	20.0
1261193	21.0
1261415	20.0
1261639	21.0
1262314	20.0
1262536	21.0
1263283	20.0
1263478	21.0
1264114	20.0
1264452	21.0
1265070	20.0
1266117	21.0
1267723	20.0
1268042	21.0
1268680	20.0
1269022	21.0
1269515	20.0
1276039	21.0
1279452	20.0
1282308	21.0
1282319	20.0
1282343	21.0
1282354	20.0
1282567	21.0
1285358	20.0
1285555	21.0
1286327	20.0
1287033	21.0
1323337	20.0
1323477	21.0
1324117	20.0
1324499	21.0
1324992	20.0
1325176	21.0
1325884	20.0
1326084	21.0
1326096	20.0
1326212	21.0
1326784	20.0
1326970	21.0
1326982	20.0
1327119	21.0
1327130	20.0
1327358	21.0
1327369	20.0
1327492	21.0
1327503	20.0
1327705	21.0
1327716	20.0
1328758	21.0
1329643	20.0
1330557	21.0
1331403	20.0
1333277	21.0
1336765	20.0
1336915	21.0
1337594	20.0
1338439	21.0
1338450	20.0
1339557	21.0
1340422	20.0
1340586	21.0
1340598	20.0
1340636	21.0
1342008	20.0
1342276	21.0
1344001	20.0
1344957	21.0
1345728	20.0
1347636	21.0
1349383	20.0
1350356	21.0
1360251	20.0
1360270	21.0
1360281	20.0
1362962	21.0
1365457	20.0
1366732	21.0
1367318	20.0
1371405	21.0
1398143	20.0
1398380	21.0
1398391	20.0
1398544	21.0
1403379	20.0
1404154	21.0
1409514	20.0
1409868	21.0
1410148	20.0
1411592	21.0
1412417	20.0
1413141	21.0
1413153	20.0
1413222	21.0
1413234	20.0
1413342	21.0
1414062	20.0
1414271	21.0
1415916	20.0
1415996	21.0
1416855	21.0
1417711	20.0
1417872	21.0
1418558	20.0
1418764	21.0
1419595	20.0
1419756	21.0
1419768	20.0
1419791	21.0
1420367	20.0
1423091	21.0
1423103	20.0
1423127	21.0
1423139	20.0
1423351	21.0
1423953	20.0
1425794	21.0
1425805	20.0
1426012	21.0
1426692	20.0
1427044	21.0
1427638	20.0
1427900	21.0
1428453	20.0
1429553	21.0
1429564	20.0
1429672	21.0
1430064	20.0
1430174	21.0
1430185	20.0
1430263	21.0
1430274	20.0
1431393	21.0
1432140	20.0
1433190	21.0
1433876	20.0
1434270	21.0
1434772	20.0
1434993	21.0
1435020	20.0
1435194	21.0
1436484	20.0
1437671	21.0
1443878	20.0
1449013	21.0
1449272	22.0
1449399	21.0
1449416	22.0
1449430	21.0
1449600	22.0
1450470	21.0
1450482	22.0
1450746	23.0
1452204	22.0
1452465	21.0
1452716	22.0
1453512	23.0
1454312	22.0
1454630	23.0
1454642	22.0
1454833	23.0
1455178	22.0
1455631	23.0
1455644	22.0
1464200	23.0
1464239	22.0
1464309	23.0
1464321	22.0
1464653	23.0
1464677	22.0
1464687	23.0
1464699	22.0
1464949	23.0
1464960	22.0
1465310	23.0
1465835	22.0
1466002	23.0
1468346	22.0
1468668	23.0
1468965	22.0
1468978	23.0
1468990	22.0
1469122	23.0
1469358	22.0
1469373	23.0
1473489	24.0
1474066	23.0
1474174	24.0
1490526	25.0
1490538	24.0
1490996	25.0
1495055	24.0
1495662	25.0
1497908	24.0
1500645	25.0
1522298	24.0
1530385	25.0
1532654	24.0
1532731	25.0
1533809	24.0
1534040	25.0
1534216	24.0
1535945	25.0
1536642	24.0
1536835	25.0
1536847	24.0
1536873	25.0
1537415	24.0
1537471	25.0
1537541	24.0
1537710	25.0
1547202	24.0
1547203	23.0
1547644	25.0
1547656	25.0
1548283	24.0
1548284	23.0
1548374	25.0
1550097	24.0
1550126	23.0
1550127	22.0
1550683	25.0
1550695	23.0
1550696	22.0
1550916	24.0
1550928	23.0
1550929	22.0
1551640	25.0
1552652	24.0
1553363	25.0
1553376	24.0
1553386	25.0
1553398	24.0
1553606	23.0
1553607	22.0
1553666	24.0
1553678	23.0
1553679	22.0
1553891	23.0
1553903	22.0
1554431	25.0
1554717	24.0
1554957	25.0
1555334	24.0
1555601	23.0
1555602	22.0
1556229	24.0
1556241	23.0
1556242	22.0
1556804	24.0
1556889	25.0
1556902	24.0
1557069	25.0
1557081	24.0
1557145	25.0
1560049	23.0
1560050	22.0
1629813	23.0
1637679	24.0
1637690	23.0
1637798	24.0
1638221	23.0
1638267	24.0
1638390	23.0
1638841	24.0
1640078	20.0
1640079	19.0
1648591	18.0
1649384	19.0
1651162	18.0
1651173	19.0
1651651	18.0
1651775	19.0
1652235	18.0
1654372	17.0
1721613	18.0
1721625	17.0
1721631	18.0
1721643	17.0
1721656	18.0
1721668	17.0
1721694	18.0
1721709	17.0
1721844	18.0
1723820	17.0
2061769	22.0
2061899	20.0
2061900	18.0
2061901	17.0
2063868	21.0
2063880	19.0
2063881	18.0
2063882	17.0
2066691	21.0
2066703	18.0
2066704	17.0
2066942	21.0
2067422	18.0
2067423	21.0
2067435	18.0
2067436	17.0
2067500	21.0
2067512	18.0
2067513	17.0
2067942	21.0
2068326	18.0
2068327	17.0
2068496	21.0
2072068	18.0
2072069	17.0
2130711	18.0
2136954	22.0
2137181	20.0
2137182	19.0
2137183	18.0
2216221	19.0
2216235	18.0
2230117	19.0
2230129	18.0
2230938	19.0
2231809	20.0
2233125	19.0
2233626	20.0
2233641	19.0
2233660	20.0
2233675	19.0
2233714	20.0
2234044	21.0
2236625	20.0
2237263	19.0
2237925	23.0
2237938	20.0
2237939	19.0
2238159	23.0
2238276	24.0
2238289	23.0
2238292	24.0
2238664	23.0
2238780	24.0
2239338	25.0
2239353	24.0
2240660	25.0
2241749	24.0
2241750	23.0
2241832	25.0
2241897	24.0
2241898	23.0
2241951	25.0
2242133	24.0
2242162	23.0
2242163	22.0
2242205	24.0
2242313	25.0
2242326	24.0
2242448	25.0
2242611	24.0
2242679	25.0
2242692	24.0
2242705	25.0
2242718	24.0
2242729	25.0
2244663	26.0
2245773	25.0
2247787	22.0
2247788	16.0
2247789	8.0
2247790	4.0
2247791	1.0
2247792	0.0
2247954	25.0
2247962	24.0
2247963	22.0
2247964	20.0
2247965	18.0
2247966	14.0
2247967	6.0
2247968	2.0
2247969	1.0
2247970	0.0
2248394	25.0
2248402	24.0
2248403	22.0
2248404	18.0
2248405	15.0
2248406	9.0
2248407	4.0
2248408	1.0
2248409	0.0
2248419	25.0
2248430	23.0
2248431	18.0
2248432	11.0
2248433	5.0
2248434	1.0
2248435	0.0
2323278	25.0
2323287	23.0
2323288	22.0
2323289	20.0
2323290	17.0
2323291	9.0
2323292	3.0
2323293	1.0
2323294	0.0
2323801	25.0
2323845	23.0
2323846	21.0
2323847	18.0
2323848	10.0
2323849	4.0
2323850	2.0
2323851	1.0
2323852	0.0
2333832	23.0
2334043	21.0
2334044	20.0
2334045	18.0
2334046	14.0
2334047	6.0
2334048	1.0
2334049	0.0
2334129	1.0
2334169	0.0
2926440	16.0
2929307	17.0
2929626	16.0
2929733	17.0
2931024	16.0
2931697	17.0
2932342	18.0
2932855	17.0
2993382	18.0
2993397	17.0
2993769	18.0
2993780	17.0
2993844	18.0
2995235	17.0
2995740	18.0
2996983	17.0
2997658	18.0
2997671	17.0
3115914	18.0
3117081	17.0
3118084	18.0
3118250	17.0
3118817	18.0
3119150	17.0
3260001	19.0
3260476	18.0
3260477	17.0
3261652	16.0
3262580	17.0
3263157	16.0
3263376	17.0
3263387	16.0
3263652	17.0
3263824	16.0
3264240	17.0
3352458	18.0
3352469	17.0
3357004	18.0
3357017	17.0
3357318	18.0
3357863	17.0
3432756	16.0
3435919	17.0
3440281	18.0
3440779	17.0
3440818	18.0
3440835	17.0
3440876	18.0
3440888	19.0
3440902	18.0
3440903	19.0
3440922	20.0
3441062	22.0
3441066	22.0
3441072	21.0
3441073	20.0
3441102	19.0
3441152	18.0
3441266	19.0
3441279	18.0
3442525	17.0
3442569	18.0
3442581	17.0
3442683	18.0
3442985	20.0
3443562	19.0
3443563	18.0
3444433	19.0
3444446	18.0
3444455	19.0
3444468	18.0
3444482	19.0
3444495	18.0
3444496	19.0
3444506	20.0
3444508	19.0
3444509	18.0
3444518	17.0
3444615	18.0
3444630	17.0
3444654	19.0
3444665	18.0
3444666	17.0
3444742	18.0
3445442	20.0
3445601	19.0
3445602	18.0
3445885	20.0
3446147	19.0
3446436	20.0
3446588	21.0
3446608	19.0
3446609	18.0
3446640	21.0
3446746	20.0
3446747	19.0
3446748	18.0
3446792	19.0
3446800	18.0
3446919	17.0
3447079	18.0
3447087	17.0
3447167	18.0
3447486	20.0
3447496	19.0
3447497	18.0
3447566	20.0
3447954	19.0
3447955	18.0
3447978	20.0
3448333	19.0
3448421	20.0
3449273	19.0
3449393	20.0
3451062	19.0
3451064	18.0
3451065	16.0
3451066	13.0
3451067	12.0
3451084	20.0
3451088	20.0
3451090	19.0
3451092	18.0
3451093	16.0
3451094	13.0
3451095	12.0
3451152	20.0
3451158	19.0
3451160	18.0
3451161	16.0
3451162	13.0
3451163	12.0
3451240	20.0
3451648	18.0
3451649	17.0
3451650	15.0
3451651	13.0
3451652	12.0
3451654	20.0
3451895	21.0
3452022	20.0
3452249	19.0
3452325	18.0
3452443	17.0
3452497	18.0
3452552	17.0
3452553	16.0
3452554	14.0
3452555	12.0
3452556	11.0
3452570	18.0
3452575	18.0
3452578	17.0
3452579	16.0
3452580	14.0
3452581	12.0
3452582	11.0
3452617	12.0
3452628	11.0
3452642	18.0
3452655	19.0
3452699	18.0
3452701	17.0
3452702	15.0
3452703	12.0
3452704	10.0
3452705	9.0
3452713	19.0
3452718	19.0
3452720	18.0
3452722	17.0
3452723	14.0
3452724	10.0
3452725	9.0
3452760	10.0
3452767	20.0
3452772	19.0
3452773	19.0
3452774	18.0
3452776	17.0
3452777	19.0
3452861	20.0
3452873	19.0
3452998	17.0
3452999	16.0
3453000	14.0
3453001	12.0
3453002	11.0
3453026	10.0
3453027	9.0
3453083	19.0
3453087	20.0
3453261	19.0
3453262	18.0
3453333	20.0
3453338	20.0
3453344	19.0
3453345	18.0
3453347	17.0
3453998	16.0
3453999	15.0
3454000	13.0
3454001	12.0
3454002	11.0
3454265	17.0
3454270	17.0
3454274	16.0
3454275	15.0
3454276	12.0
3454277	11.0
3454617	17.0
3455912	16.0
3455913	15.0
3455914	13.0
3455915	12.0
3455916	11.0
3456043	17.0
3456667	16.0
3456668	15.0
3456669	13.0
3456670	12.0
3456671	11.0
3456680	17.0
3456689	16.0
3456690	15.0
3456691	13.0
3456692	12.0
3456693	11.0
3456728	17.0
3456737	16.0
3456738	15.0
3456739	13.0
3456740	12.0
3456741	11.0
3457258	17.0
3457600	16.0
3457777	17.0
3457786	16.0
3457791	15.0
3457792	13.0
3457793	12.0
3457794	11.0
3458529	16.0
3511449	17.0
3511461	16.0
3527638	17.0
3528076	16.0
4035969	17.0
4035984	16.0
4038487	17.0
4038509	16.0
4048711	17.0
4049078	16.0
4059058	15.0
4059059	14.0
4059062	16.0
4059076	15.0
4059077	14.0
4059119	15.0
4059327	16.0
4059501	15.0
4059640	14.0
4059976	15.0
4060516	14.0
4060746	15.0
4061087	16.0
4062051	15.0
4062052	14.0
4062156	16.0
4063257	15.0
4063258	14.0
4063533	16.0
4065061	15.0
4066376	14.0
4066413	15.0
4066428	14.0
4124681	15.0
4125278	14.0
4132220	15.0
4132346	14.0
4133897	15.0
4133966	14.0
4134525	15.0
4135733	14.0
4135820	15.0
4135832	14.0
4135844	15.0
4135853	14.0
4470343	13.0
4470344	12.0
4471116	14.0
4472601	13.0
4472602	12.0
4473132	14.0
4473364	13.0
4473365	12.0
4473968	14.0
4473981	13.0
4473982	12.0
4474091	14.0
4474097	14.0
4474103	13.0
4474104	12.0
4476597	14.0
4476855	13.0
4476856	12.0
4485519	14.0
4486227	13.0
4486228	12.0
4486234	14.0
4486246	13.0
4486247	12.0
4486322	14.0
4487212	13.0
4487213	12.0
4487392	14.0
4488049	13.0
4488050	12.0
4550124	13.0
4553027	12.0
4553374	13.0
4553575	12.0
4553868	13.0
4553881	12.0
4554415	13.0
4554514	12.0
4554732	13.0
4555129	12.0
4556591	13.0
4556925	14.0
4556963	13.0
4557069	12.0
4557141	13.0
4557197	12.0
4557595	13.0
4557608	12.0
4557793	13.0
4558448	15.0
4558699	14.0
4559125	15.0
4559139	14.0
4559324	15.0
4559330	16.0
4559343	15.0
4559458	16.0
4559471	15.0
4560092	14.0
4560098	13.0
4560664	12.0
4560678	13.0
4560844	14.0
4561216	13.0
4561229	14.0
4561241	13.0
4561434	14.0
4561726	13.0
4562074	12.0
4563231	14.0
4563244	13.0
4563245	12.0
4563860	13.0
4565112	12.0
4565384	13.0
4565397	12.0
4565482	13.0
4565495	12.0
4580349	11.0
4580350	9.0
4580351	8.0
4580352	7.0
4580415	12.0
4580550	11.0
4580551	9.0
4580552	8.0
4580553	7.0
4580845	12.0
4581484	11.0
4581485	9.0
4581486	8.0
4581487	7.0
4581656	12.0
4582202	11.0
4582203	9.0
4582204	8.0
4582205	7.0
4582510	12.0
4582520	11.0
4582521	9.0
4582522	8.0
4582523	7.0
4582561	12.0
4583221	11.0
4583222	9.0
4583223	8.0
4583224	7.0
4583497	12.0
4583961	11.0
4583962	9.0
4583963	8.0
4583964	7.0
4584582	12.0
4585397	11.0
4585398	9.0
4585399	8.0
4585400	7.0
4585929	12.0
4627907	13.0
4628743	12.0
4635005	11.0
4635006	9.0
4635007	8.0
4635008	7.0
4635200	12.0
4635738	13.0
4635752	12.0
4635761	13.0
4635776	12.0
4635845	13.0
4635860	12.0
4636113	13.0
4636716	12.0
4636717	10.0
4636718	8.0
4636719	7.0
4636772	13.0
4637760	12.0
4637761	10.0
4637762	8.0
4637763	7.0
4637930	13.0
4639107	12.0
4639108	10.0
4639109	8.0
4639110	7.0
4639207	12.0
4640375	11.0
4640376	9.0
4640377	8.0
4640378	7.0
4641002	12.0
4641012	11.0
4641013	9.0
4641014	8.0
4641015	7.0
4642630	12.0
4642668	13.0
4643162	12.0
4643163	10.0
4643164	9.0
4643165	8.0
4643179	9.0
4643192	8.0
4643241	9.0
4643254	8.0
4643314	9.0
4643318	14.0
4643328	13.0
4643402	14.0
4643504	13.0
4643554	14.0
4643722	15.0
4643912	15.0
4644169	14.0
4644234	15.0
4644249	14.0
4644274	15.0
4644323	14.0
4644500	15.0
4644579	14.0
4644668	15.0
4644684	14.0
4644717	15.0
4644798	14.0
4644988	15.0
4645003	15.0
4645017	14.0
4645108	15.0
4645123	14.0
4647327	13.0
4647423	14.0
4647437	13.0
4647484	14.0
4647713	13.0
4647726	14.0
4647739	13.0
4647773	14.0
4648127	13.0
4648395	12.0
4649900	14.0
4649906	14.0
4649912	13.0
4649913	12.0
4650004	14.0
4650269	15.0
4650282	14.0
4650349	15.0
4651141	14.0
4651155	15.0
4651167	14.0
4651282	13.0
4651283	11.0
4651284	10.0
4651285	9.0
4651468	10.0
4651482	9.0
4653382	14.0
4653466	13.0
4653467	11.0
4653468	10.0
4653469	9.0
4653503	10.0
4653598	15.0
4653611	14.0
4653612	12.0
4653613	11.0
4653614	10.0
4653698	15.0
4654125	16.0
4654221	15.0
4654391	14.0
4654959	13.0
4654960	11.0
4654961	10.0
4654962	9.0
4654971	14.0
4654983	13.0
4654984	11.0
4654985	10.0
4654986	9.0
4655012	14.0
4655019	14.0
4655023	13.0
4655024	11.0
4655025	10.0
4655026	9.0
4655675	14.0
4655990	13.0
4656635	12.0
4656636	10.0
4656637	9.0
4656638	8.0
4656772	13.0
4656987	14.0
4657003	13.0
4657028	12.0
4657029	9.0
4657030	8.0
4657204	14.0
4657233	13.0
4657258	14.0
4657270	13.0
4657409	14.0
4657494	15.0
4658133	14.0
4658134	13.0
4658168	14.0
4658170	16.0
4658178	15.0
4658224	16.0
4658294	15.0
4658303	14.0
4658304	13.0
4658308	15.0
4658344	14.0
4658429	15.0
4658544	14.0
4658553	15.0
4659116	13.0
4659117	12.0
4659268	14.0
4659279	13.0
4659280	12.0
4659333	14.0
4659344	13.0
4659345	12.0
4659358	14.0
4659362	14.0
4659368	13.0
4659369	12.0
4659535	13.0
4659556	15.0
4661634	13.0
4661635	12.0
4661738	15.0
4661839	14.0
4662008	15.0
4662053	16.0
4662065	15.0
4662161	16.0
4662173	15.0
4662208	14.0
4662220	15.0
4662245	14.0
4664485	15.0
4665359	14.0
4665372	15.0
4665954	14.0
4667632	15.0
4667714	14.0
4667890	15.0
4667905	14.0
4671705	15.0
4671720	14.0
4671898	15.0
4671941	14.0
4733027	15.0
4733040	14.0
4737603	10.0
4737604	7.0
4737605	4.0
4737606	1.0
4737607	0.0
4738567	14.0
4738573	13.0
4738576	12.0
4738577	10.0
4738578	7.0
4738579	5.0
4738580	3.0
4738581	1.0
4738582	0.0
4739422	14.0
4739454	15.0
4739639	14.0
4739642	13.0
4739643	11.0
4739644	8.0
4739645	6.0
4739646	4.0
4739647	1.0
4739648	0.0
4750321	14.0
4750328	13.0
4750331	12.0
4750332	10.0
4750333	7.0
4750334	5.0
4750335	3.0
4750336	1.0
4750337	0.0
