258533	1.0
258558	0.0
258612	1.0
258636	0.0
259079	1.0
259107	0.0
420460	1.0
420504	0.0
420528	2.0
420553	1.0
420554	0.0
420591	1.0
420877	0.0
420886	1.0
420913	2.0
421078	1.0
422605	2.0
422620	1.0
425579	2.0
425621	1.0
428072	2.0
510659	6.0
510665	6.0
510670	5.0
510671	3.0
510672	2.0
510687	6.0
510693	6.0
510698	5.0
510699	3.0
510700	2.0
510709	6.0
510715	6.0
510720	5.0
510721	3.0
510722	2.0
510732	6.0
510738	6.0
510743	5.0
510744	3.0
510745	2.0
510754	6.0
510760	6.0
510765	5.0
510766	3.0
510767	2.0
510776	6.0
510792	7.0
510802	6.0
510808	7.0
510818	6.0
511051	7.0
512936	6.0
514186	5.0
514187	4.0
514188	3.0
514425	2.0
1005096	3.0
1005112	2.0
1010922	4.0
1011624	3.0
1011625	2.0
1017291	3.0
1017313	2.0
1017419	5.0
1017426	5.0
1017431	4.0
1017432	3.0
1017433	2.0
1024234	3.0
1024284	4.0
1024524	5.0
1024688	6.0
1024749	6.0
1024763	5.0
1024766	6.0
1024775	7.0
1024785	6.0
1024919	9.0
1025121	10.0
1025515	9.0
1026126	10.0
1026271	11.0
1026632	10.0
1026663	11.0
1026677	10.0
1026700	11.0
1027149	12.0
1028123	13.0
1028146	12.0
1028207	13.0
1029789	12.0
1029824	13.0
1029837	12.0
1029955	13.0
1031251	12.0
1031398	13.0
1031411	12.0
1032072	14.0
1032076	16.0
1032079	19.0
1032284	18.0
1032310	19.0
1032406	18.0
1032407	17.0
1032408	13.0
1032409	12.0
1032480	13.0
1032495	12.0
1032986	19.0
1032992	19.0
1032996	18.0
1032997	17.0
1032998	13.0
1032999	12.0
1033143	19.0
1033273	18.0
1033274	15.0
1033275	13.0
1033276	12.0
1033384	19.0
1033390	19.0
1033394	18.0
1033395	16.0
1033396	13.0
1033397	12.0
1033500	19.0
1036393	20.0
1036407	19.0
1036410	20.0
1036429	19.0
1036451	20.0
1036610	19.0
1039526	23.0
1040174	22.0
1040175	21.0
1040176	20.0
1040177	19.0
1040405	23.0
1042218	22.0
1042219	21.0
1042220	20.0
1042221	19.0
1042253	23.0
1042265	22.0
1042266	21.0
1042267	20.0
1042268	19.0
1042368	23.0
1042984	22.0
1042985	23.0
1042991	23.0
1042995	22.0
1042996	21.0
1042997	20.0
1042998	19.0
1043098	23.0
1045526	22.0
1045527	21.0
1045528	20.0
1045529	19.0
1045648	23.0
1046431	22.0
1046432	21.0
1046433	20.0
1046434	19.0
1046555	23.0
1046566	22.0
1046567	21.0
1046568	20.0
1046569	19.0
1046644	23.0
1046655	22.0
1046656	21.0
1046657	20.0
1046658	19.0
1046773	23.0
1046779	23.0
1046783	22.0
1046784	21.0
1046785	20.0
1046786	19.0
1046920	23.0
1046926	23.0
1046930	22.0
1046931	21.0
1046932	20.0
1046933	19.0
1047151	23.0
1047157	23.0
1047161	22.0
1047162	21.0
1047163	20.0
1047164	19.0
1047262	23.0
1047268	23.0
1047272	22.0
1047273	21.0
1047274	20.0
1047275	19.0
1047308	23.0
1047319	22.0
1047320	21.0
1047321	20.0
1047322	19.0
1047481	23.0
1053437	22.0
1106218	21.0
1106219	20.0
1106852	22.0
1109096	21.0
1109097	22.0
1110626	23.0
1110649	22.0
1110664	23.0
1110677	22.0
1110691	23.0
1111290	24.0
1111307	23.0
1111508	24.0
1112009	23.0
1112135	21.0
1112136	20.0
1112220	21.0
1112234	20.0
1112281	23.0
1112286	23.0
1112409	24.0
1112423	23.0
1112488	24.0
1112909	23.0
1113126	24.0
1113779	23.0
1116092	21.0
1116093	20.0
1116155	23.0
1116167	21.0
1116168	20.0
1116219	23.0
1120351	24.0
1120460	23.0
1121008	22.0
1121009	21.0
1121010	20.0
1121061	23.0
1121624	21.0
1121625	20.0
1121738	23.0
1122080	22.0
1122081	21.0
1122082	20.0
1123013	23.0
1123403	21.0
1123404	20.0
1123589	19.0
1123908	22.0
1124157	20.0
1124158	19.0
1126347	22.0
1126352	22.0
1126358	20.0
1126359	19.0
1127280	22.0
1127285	22.0
1127291	20.0
1127292	19.0
1128589	22.0
1129054	20.0
1129055	19.0
1209319	21.0
1209331	20.0
1209332	19.0
1209529	21.0
1210092	20.0
1210093	19.0
1210483	21.0
1213024	20.0
1213370	21.0
1214584	20.0
1214657	21.0
1214811	20.0
1214958	21.0
1221513	20.0
1237344	21.0
1237891	20.0
1238317	21.0
1238923	20.0
1239976	21.0
1240010	20.0
1240692	21.0
1240704	20.0
1240849	21.0
1240860	20.0
1241196	21.0
1241207	20.0
1241477	21.0
1241676	20.0
1241733	21.0
1241745	20.0
1241884	21.0
1242513	20.0
1243560	21.0
1243571	20.0
1243725	21.0
1244276	20.0
1244516	21.0
1244528	20.0
1244562	21.0
1245218	20.0
1245476	21.0
1246113	20.0
1246320	21.0
1247175	20.0
1248965	21.0
1248976	20.0
1249049	21.0
1249060	20.0
1249208	21.0
1249579	20.0
1250743	21.0
1251553	20.0
1252676	21.0
1253316	20.0
1254437	21.0
1254637	20.0
1254758	21.0
1255132	20.0
1255397	21.0
1257939	20.0
1258132	21.0
1258789	20.0
1258969	21.0
1258981	20.0
1259106	21.0
1259588	20.0
1259837	21.0
1260523	20.0
1260795	21.0
1260930	20.0
1261060	21.0
1261071	20.0
1261193	21.0
1261415	20.0
1261639	21.0
1262314	20.0
1262536	21.0
1263283	20.0
1263478	21.0
1264114	20.0
1264452	21.0
1265070	20.0
1266117	21.0
1267723	20.0
1268042	21.0
1268680	20.0
1269022	21.0
1269515	20.0
1276039	21.0
1279452	20.0
1282308	21.0
1282319	20.0
1282343	21.0
1282354	20.0
1282567	21.0
1285358	20.0
1285555	21.0
1286327	20.0
1287033	21.0
1323337	20.0
1323477	21.0
1324117	20.0
1324499	21.0
1324992	20.0
1325176	21.0
1325884	20.0
1326084	21.0
1326096	20.0
1326212	21.0
1326784	20.0
1326970	21.0
1326982	20.0
1327119	21.0
1327130	20.0
1327358	21.0
1327369	20.0
1327492	21.0
1327503	20.0
1327705	21.0
1327716	20.0
1328758	21.0
1329643	20.0
1330557	21.0
1331403	20.0
1333277	21.0
1336765	20.0
1336915	21.0
1337594	20.0
1338439	21.0
1338450	20.0
1339557	21.0
1340422	20.0
1340586	21.0
1340598	20.0
1340636	21.0
1342008	20.0
1342276	21.0
1344001	20.0
1344957	21.0
1345728	20.0
1347636	21.0
1349383	20.0
1350356	21.0
1360251	20.0
1360270	21.0
1360281	20.0
1362962	21.0
1365457	20.0
1366732	21.0
1367318	20.0
1371405	21.0
1398143	20.0
1398380	21.0
1398391	20.0
1398544	21.0
1403379	20.0
1404154	21.0
1409514	20.0
1409868	21.0
1410148	20.0
1411592	21.0
1412417	20.0
1413141	21.0
1413153	20.0
1413222	21.0
1413234	20.0
1413342	21.0
1414062	20.0
1414271	21.0
1415916	20.0
1415996	21.0
1416855	21.0
1417711	20.0
1417872	21.0
1418558	20.0
1418764	21.0
1419595	20.0
1419756	21.0
1419768	20.0
1419791	21.0
1420367	20.0
1423091	21.0
1423103	20.0
1423127	21.0
1423139	20.0
1423351	21.0
1423953	20.0
1425794	21.0
1425805	20.0
1426012	21.0
1426692	20.0
1427044	21.0
1427638	20.0
1427900	21.0
1428453	20.0
1429553	21.0
1429564	20.0
1429672	21.0
1430064	20.0
1430174	21.0
1430185	20.0
1430263	21.0
1430274	20.0
1431393	21.0
1432140	20.0
1433190	21.0
1433876	20.0
1434270	21.0
1434772	20.0
1434993	21.0
1435020	20.0
1435194	21.0
1436484	20.0
1437671	21.0
1443878	20.0
1449013	21.0
1449271	22.0
1449399	21.0
1449415	22.0
1449430	21.0
1449599	22.0
1450470	21.0
1450481	22.0
1450746	23.0
1452204	22.0
1452465	21.0
1452716	22.0
1453511	23.0
1454312	22.0
1454629	23.0
1454642	22.0
1454832	23.0
1455178	22.0
1455630	23.0
1455644	22.0
1464199	23.0
1464239	22.0
1464308	23.0
1464321	22.0
1464652	23.0
1464677	22.0
1464686	23.0
1464699	22.0
1464948	23.0
1464960	22.0
1465309	23.0
1465835	22.0
1466001	23.0
1468346	22.0
1468667	23.0
1468965	22.0
1468977	23.0
1468990	22.0
1469121	23.0
1469358	22.0
1469372	23.0
1473488	24.0
1474066	23.0
1474173	24.0
1490526	25.0
1490538	24.0
1490996	25.0
1495055	24.0
1495662	25.0
1497908	24.0
1500645	25.0
1522298	24.0
1530385	25.0
1532654	24.0
1532731	25.0
1533809	24.0
1534040	25.0
1534216	24.0
1535945	25.0
1536642	24.0
1536835	25.0
1536847	24.0
1536873	25.0
1537415	24.0
1537471	25.0
1537541	24.0
1537710	25.0
1547202	24.0
1547203	23.0
1547644	25.0
1547656	25.0
1548283	24.0
1548284	23.0
1548374	25.0
1550097	24.0
1550126	23.0
1550127	22.0
1550683	25.0
1550695	23.0
1550696	22.0
1550916	24.0
1550928	23.0
1550929	22.0
1551640	25.0
1552652	24.0
1553363	25.0
1553376	24.0
1553386	25.0
1553398	24.0
1553606	23.0
1553607	22.0
1553666	24.0
1553678	23.0
1553679	22.0
1553891	23.0
1553903	22.0
1554431	25.0
1554717	24.0
1554957	25.0
1555334	24.0
1555601	23.0
1555602	22.0
1556229	24.0
1556241	23.0
1556242	22.0
1556804	24.0
1556889	25.0
1556902	24.0
1557069	25.0
1557081	24.0
1557145	25.0
1560049	23.0
1560050	22.0
1629812	23.0
1637677	24.0
1637690	23.0
1637796	24.0
1638221	23.0
1638267	24.0
1638390	23.0
1638842	24.0
1640078	20.0
1640079	19.0
1648591	18.0
1649386	19.0
1651162	18.0
1651175	19.0
1651651	18.0
1651774	19.0
1652235	18.0
1654372	17.0
1721612	18.0
1721625	17.0
1721630	18.0
1721643	17.0
1721655	18.0
1721668	17.0
1721693	18.0
1721709	17.0
1721843	18.0
1723820	17.0
2061770	22.0
2061888	22.0
2061899	20.0
2061900	18.0
2061901	17.0
2063869	21.0
2063880	19.0
2063881	18.0
2063882	17.0
2066690	21.0
2066703	18.0
2066704	17.0
2066941	21.0
2067422	21.0
2067435	18.0
2067436	17.0
2067499	21.0
2067512	18.0
2067513	17.0
2067941	21.0
2068326	18.0
2068327	17.0
2068495	21.0
2072068	18.0
2072069	17.0
2130712	18.0
2136955	22.0
2137181	20.0
2137182	19.0
2137183	18.0
2216223	19.0
2216235	18.0
2230118	19.0
2230129	18.0
2230939	19.0
2231811	20.0
2233125	19.0
2233627	20.0
2233641	19.0
2233661	20.0
2233675	19.0
2233714	20.0
2234045	21.0
2236625	20.0
2237263	19.0
2237926	23.0
2237938	20.0
2237939	19.0
2238160	23.0
2238277	24.0
2238289	23.0
2238293	24.0
2238664	23.0
2238781	24.0
2239340	25.0
2239353	24.0
2240659	25.0
2241749	24.0
2241750	23.0
2241832	25.0
2241897	24.0
2241898	23.0
2241950	25.0
2242133	24.0
2242162	23.0
2242163	22.0
2242202	24.0
2242315	25.0
2242326	24.0
2242448	25.0
2242611	24.0
2242679	25.0
2242692	24.0
2242705	25.0
2242718	24.0
2242727	25.0
2244660	26.0
2245773	25.0
2247792	24.0
2247957	25.0
2247970	24.0
2248397	25.0
2248409	24.0
2248420	25.0
2248435	24.0
2251900	23.0
2257954	22.0
2317952	24.0
2318811	25.0
2318823	24.0
2318885	25.0
2319069	24.0
2319096	23.0
2319116	24.0
2319161	25.0
2319174	24.0
2319179	25.0
2319242	24.0
2319270	23.0
2319284	24.0
2319296	23.0
2321113	22.0
2321831	23.0
2321844	22.0
2322541	23.0
2322580	24.0
2322606	23.0
2322617	24.0
2322631	23.0
2322688	24.0
2322689	25.0
2322761	24.0
2323281	25.0
2323294	24.0
2323805	25.0
2323852	24.0
2329915	25.0
2329921	25.0
2329927	23.0
2329928	22.0
2333834	23.0
2334049	22.0
2676855	21.0
2677504	22.0
2677707	21.0
2735449	22.0
2735464	23.0
2735676	22.0
2735677	21.0
2735692	23.0
2735702	22.0
2735703	21.0
2736230	23.0
2736717	22.0
2736718	21.0
2754451	20.0
2754524	21.0
2754581	20.0
2821936	21.0
2821949	20.0
2821962	21.0
2821975	20.0
2821989	21.0
2822002	20.0
2822016	21.0
2822029	20.0
2822043	21.0
2822056	20.0
2822070	21.0
2824722	20.0
2824936	21.0
2825633	20.0
2827433	21.0
2827446	20.0
2828039	21.0
2828043	22.0
2828055	21.0
2828069	22.0
2828095	21.0
2828096	20.0
2829204	19.0
2829205	18.0
2829234	20.0
2830066	19.0
2830067	18.0
2830429	20.0
2830434	20.0
2830440	19.0
2830441	18.0
2830558	20.0
2830903	19.0
2830904	18.0
2835699	22.0
2835767	21.0
2835768	20.0
2835769	19.0
2835770	18.0
2837104	16.0
2837105	10.0
2837106	4.0
2837107	1.0
2837108	0.0
3349044	1.0
3349866	0.0
3352868	1.0
3353283	0.0
3353409	1.0
3353425	0.0
3357001	18.0
3357012	17.0
3357013	16.0
3357014	11.0
3357015	5.0
3357016	1.0
3357017	0.0
3357315	18.0
3357858	17.0
3357859	16.0
3357860	11.0
3357861	5.0
3357862	1.0
3357863	0.0
3425699	1.0
3425809	0.0
3435917	17.0
3440280	18.0
3440772	17.0
3440774	16.0
3440775	13.0
3440776	9.0
3440777	4.0
3440778	1.0
3440779	0.0
3440919	20.0
3441060	22.0
3441066	22.0
3441072	21.0
3441073	20.0
3441102	19.0
3441146	18.0
3441148	16.0
3441149	9.0
3441150	3.0
3441151	1.0
3441152	0.0
3441263	19.0
3441273	18.0
3441275	16.0
3441276	9.0
3441277	3.0
3441278	1.0
3441279	0.0
3444480	1.0
3444494	2.0
3444495	1.0
3444509	0.0
4556922	14.0
4556957	13.0
4556958	11.0
4556959	9.0
4556960	5.0
4556961	3.0
4556962	1.0
4556963	0.0
4557138	13.0
4557191	12.0
4557192	10.0
4557193	8.0
4557194	4.0
4557195	3.0
4557196	1.0
4557197	0.0
4557262	1.0
4558445	15.0
4558699	14.0
4559127	15.0
4559139	14.0
4559326	15.0
4559332	16.0
4559343	15.0
4559460	16.0
4559471	15.0
4560092	14.0
4560098	13.0
4560658	12.0
4560659	10.0
4560660	8.0
4560661	3.0
4560662	2.0
4560663	1.0
4560664	0.0
4560841	14.0
4561210	13.0
4561211	11.0
4561212	8.0
4561213	3.0
4561214	2.0
4561215	1.0
4561216	0.0
4561226	14.0
4561235	13.0
4561236	11.0
4561237	8.0
4561238	3.0
4561239	2.0
4561240	1.0
4561241	0.0
4561431	14.0
4561720	13.0
4561721	11.0
4561722	8.0
4561723	3.0
4561724	2.0
4561725	1.0
4561726	0.0
