416667	2.0
416681	1.0
416682	0.0
417347	2.0
417960	1.0
418161	0.0
418257	1.0
418272	0.0
418404	2.0
418410	2.0
419454	1.0
419455	0.0
1013248	2.0
1017418	5.0
1017432	3.0
1017433	2.0
1018237	3.0
1020719	2.0
1032078	19.0
1032284	18.0
1032308	19.0
1032405	17.0
1032406	16.0
1032407	11.0
1032408	8.0
1032409	7.0
1032987	19.0
1032992	19.0
1032995	17.0
1032996	14.0
1032997	10.0
1032998	8.0
1032999	7.0
1033144	19.0
1033272	17.0
1033273	16.0
1033274	11.0
1033275	8.0
1033276	7.0
1033385	19.0
1033390	19.0
1033393	17.0
1033394	16.0
1033395	11.0
1033396	8.0
1033397	7.0
1033500	19.0
1036393	20.0
1036407	19.0
1036411	20.0
1036429	19.0
1036453	20.0
1036610	19.0
1039527	23.0
1040174	22.0
1040175	21.0
1040176	20.0
1040177	19.0
1040409	23.0
1042218	22.0
1042219	21.0
1042220	20.0
1042221	19.0
1042257	23.0
1042265	22.0
1042266	21.0
1042267	20.0
1042268	19.0
1042372	23.0
1042984	22.0
1042985	21.0
1042986	23.0
1042991	23.0
1042995	22.0
1042996	21.0
1042997	20.0
1042998	19.0
1043102	23.0
1045526	22.0
1045527	21.0
1045528	20.0
1045529	19.0
1045649	23.0
1046431	22.0
1046432	21.0
1046433	20.0
1046434	19.0
1046556	23.0
1046566	22.0
1046567	21.0
1046568	20.0
1046569	19.0
1046645	23.0
1046655	22.0
1046656	21.0
1046657	20.0
1046658	19.0
1046774	23.0
1046779	23.0
1046783	22.0
1046784	21.0
1046785	20.0
1046786	19.0
1046921	23.0
1046926	23.0
1046930	22.0
1046931	21.0
1046932	20.0
1046933	19.0
1047152	23.0
1047157	23.0
1047161	22.0
1047162	21.0
1047163	20.0
1047164	19.0
1047263	23.0
1047268	23.0
1047272	22.0
1047273	21.0
1047274	20.0
1047275	19.0
1047309	23.0
1047319	22.0
1047320	21.0
1047321	20.0
1047322	19.0
1047482	23.0
1053437	22.0
1106218	21.0
1106219	20.0
1106853	22.0
1109096	21.0
1109097	20.0
1109098	22.0
1110627	23.0
1110649	22.0
1110666	23.0
1110677	22.0
1110693	23.0
1111292	24.0
1111307	23.0
1111510	24.0
1112009	23.0
1112135	21.0
1112136	20.0
1112221	21.0
1112234	20.0
1112282	23.0
1112286	23.0
1112411	24.0
1112423	23.0
1112489	24.0
1112909	23.0
1113127	24.0
1113779	23.0
1116092	21.0
1116093	20.0
1116156	23.0
1116167	21.0
1116168	20.0
1116220	23.0
1120355	24.0
1120460	23.0
1121008	22.0
1121009	21.0
1121010	20.0
1121062	23.0
1121624	21.0
1121625	20.0
1121739	23.0
1122080	22.0
1122081	21.0
1122082	20.0
1123014	23.0
1123403	21.0
1123404	20.0
1123589	19.0
1123909	22.0
1124157	20.0
1124158	19.0
1126348	22.0
1126352	22.0
1126358	20.0
1126359	19.0
1127281	22.0
1127285	22.0
1127291	20.0
1127292	19.0
1128590	22.0
1129054	20.0
1129055	19.0
1209320	21.0
1209331	20.0
1209332	19.0
1209530	21.0
1210092	20.0
1210093	19.0
1210484	21.0
1213024	20.0
1213371	21.0
1214584	20.0
1214658	21.0
1214811	20.0
1214959	21.0
1221513	20.0
1237345	21.0
1237891	20.0
1238318	21.0
1238923	20.0
1239977	21.0
1240010	20.0
1240693	21.0
1240704	20.0
1240850	21.0
1240860	20.0
1241197	21.0
1241207	20.0
1241478	21.0
1241676	20.0
1241734	21.0
1241745	20.0
1241885	21.0
1242513	20.0
1243561	21.0
1243571	20.0
1243726	21.0
1244276	20.0
1244517	21.0
1244528	20.0
1244563	21.0
1245218	20.0
1245477	21.0
1246113	20.0
1246321	21.0
1247175	20.0
1248966	21.0
1248976	20.0
1249050	21.0
1249060	20.0
1249209	21.0
1249579	20.0
1250744	21.0
1251553	20.0
1252677	21.0
1253316	20.0
1254438	21.0
1254637	20.0
1254759	21.0
1255132	20.0
1255398	21.0
1257939	20.0
1258133	21.0
1258789	20.0
1258970	21.0
1258981	20.0
1259107	21.0
1259588	20.0
1259838	21.0
1260523	20.0
1260796	21.0
1260930	20.0
1261061	21.0
1261071	20.0
1261194	21.0
1261415	20.0
1261640	21.0
1262314	20.0
1262537	21.0
1263283	20.0
1263479	21.0
1264114	20.0
1264453	21.0
1265070	20.0
1266118	21.0
1267723	20.0
1268043	21.0
1268680	20.0
1269023	21.0
1269515	20.0
1276040	21.0
1279452	20.0
1282309	21.0
1282319	20.0
1282344	21.0
1282354	20.0
1282568	21.0
1285358	20.0
1285556	21.0
1286327	20.0
1287034	21.0
1323337	20.0
1323478	21.0
1324117	20.0
1324500	21.0
1324992	20.0
1325177	21.0
1325884	20.0
1326085	21.0
1326096	20.0
1326213	21.0
1326784	20.0
1326971	21.0
1326982	20.0
1327120	21.0
1327130	20.0
1327359	21.0
1327369	20.0
1327493	21.0
1327503	20.0
1327706	21.0
1327716	20.0
1328759	21.0
1329643	20.0
1330558	21.0
1331403	20.0
1333278	21.0
1336765	20.0
1336916	21.0
1337594	20.0
1338440	21.0
1338450	20.0
1339558	21.0
1340422	20.0
1340587	21.0
1340598	20.0
1340637	21.0
1342008	20.0
1342277	21.0
1344001	20.0
1344958	21.0
1345728	20.0
1347637	21.0
1349383	20.0
1350357	21.0
1360251	20.0
1360271	21.0
1360281	20.0
1362963	21.0
1365457	20.0
1366733	21.0
1367318	20.0
1371406	21.0
1398143	20.0
1398381	21.0
1398391	20.0
1398545	21.0
1403379	20.0
1404155	21.0
1409514	20.0
1409869	21.0
1410148	20.0
1411593	21.0
1412417	20.0
1413142	21.0
1413153	20.0
1413223	21.0
1413234	20.0
1413343	21.0
1414062	20.0
1414272	21.0
1415916	20.0
1415997	21.0
1416855	20.0
1416856	21.0
1417711	20.0
1417873	21.0
1418558	20.0
1418765	21.0
1419595	20.0
1419757	21.0
1419768	20.0
1419792	21.0
1420367	20.0
1423092	21.0
1423103	20.0
1423128	21.0
1423139	20.0
1423352	21.0
1423953	20.0
1425795	21.0
1425805	20.0
1426013	21.0
1426692	20.0
1427045	21.0
1427638	20.0
1427901	21.0
1428453	20.0
1429554	21.0
1429564	20.0
1429673	21.0
1430064	20.0
1430175	21.0
1430185	20.0
1430264	21.0
1430274	20.0
1431394	21.0
1432140	20.0
1433191	21.0
1433876	20.0
1434271	21.0
1434772	20.0
1434994	21.0
1435020	20.0
1435195	21.0
1436484	20.0
1437672	21.0
1443878	20.0
1449014	21.0
1449275	22.0
1449399	21.0
1449419	22.0
1449430	21.0
1449603	22.0
1450470	21.0
1450485	22.0
1450746	23.0
1452204	22.0
1452465	21.0
1452717	22.0
1453515	23.0
1454312	22.0
1454633	23.0
1454642	22.0
1454836	23.0
1455178	22.0
1455634	23.0
1455644	22.0
1464201	23.0
1464239	22.0
1464310	23.0
1464321	22.0
1464654	23.0
1464677	22.0
1464688	23.0
1464699	22.0
1464950	23.0
1464960	22.0
1465311	23.0
1465835	22.0
1466003	23.0
1468346	22.0
1468669	23.0
1468965	22.0
1468979	23.0
1468990	22.0
1469123	23.0
1469358	22.0
1469374	23.0
1473490	24.0
1474066	23.0
1474175	24.0
1490527	25.0
1490538	24.0
1490997	25.0
1495055	24.0
1495663	25.0
1497908	24.0
1500646	25.0
1522298	24.0
1530386	25.0
1532654	24.0
1532731	25.0
1533809	24.0
1534041	25.0
1534216	24.0
1535946	25.0
1536642	24.0
1536836	25.0
1536847	24.0
1536874	25.0
1537415	24.0
1537472	25.0
1537541	24.0
1537711	25.0
1547202	24.0
1547203	23.0
1547645	25.0
1547656	24.0
1547657	25.0
1548283	24.0
1548284	23.0
1548375	25.0
1550097	24.0
1550126	23.0
1550127	22.0
1550684	25.0
1550695	23.0
1550696	22.0
1550917	24.0
1550928	23.0
1550929	22.0
1551641	25.0
1552652	24.0
1553364	25.0
1553376	24.0
1553387	25.0
1553398	24.0
1553606	23.0
1553607	22.0
1553667	24.0
1553678	23.0
1553679	22.0
1553892	23.0
1553903	22.0
1554432	25.0
1554717	24.0
1554958	25.0
1555334	24.0
1555601	23.0
1555602	22.0
1556230	24.0
1556241	23.0
1556242	22.0
1556805	24.0
1556890	25.0
1556902	24.0
1557070	25.0
1557081	24.0
1557146	25.0
1560049	23.0
1560050	22.0
1629813	23.0
1637679	24.0
1637690	23.0
1637798	24.0
1638221	23.0
1638265	24.0
1638390	23.0
1638839	24.0
1640078	20.0
1640079	19.0
1648591	18.0
1649384	19.0
1651162	18.0
1651173	19.0
1651651	18.0
1651775	19.0
1652235	18.0
1654372	17.0
1721611	18.0
1721625	17.0
1721629	18.0
1721643	17.0
1721654	18.0
1721668	17.0
1721692	18.0
1721709	17.0
1721842	18.0
1723820	17.0
2061769	22.0
2061899	20.0
2061900	18.0
2061901	17.0
2063868	21.0
2063880	19.0
2063881	18.0
2063882	17.0
2066690	21.0
2066703	18.0
2066704	17.0
2066941	21.0
2067422	21.0
2067435	18.0
2067436	17.0
2067499	21.0
2067512	18.0
2067513	17.0
2067941	21.0
2068326	18.0
2068327	17.0
2068495	21.0
2072068	18.0
2072069	17.0
2130709	18.0
2136952	22.0
2137181	20.0
2137182	19.0
2137183	18.0
2216221	19.0
2216235	18.0
2230115	19.0
2230129	18.0
2230938	19.0
2231811	20.0
2233125	19.0
2233624	20.0
2233641	19.0
2233662	20.0
2233675	19.0
2233716	20.0
2234042	21.0
2236625	20.0
2237263	19.0
2237923	23.0
2237938	20.0
2237939	19.0
2238157	23.0
2238274	24.0
2238289	23.0
2238290	24.0
2238664	23.0
2238778	24.0
2239338	25.0
2239353	24.0
2240658	25.0
2241749	24.0
2241750	23.0
2241830	25.0
2241897	24.0
2241898	23.0
2241949	25.0
2242133	24.0
2242162	23.0
2242163	22.0
2242205	24.0
2242311	25.0
2242326	24.0
2242446	25.0
2242611	24.0
2242677	25.0
2242692	24.0
2242703	25.0
2242718	24.0
2242727	25.0
2244663	26.0
2245773	25.0
2247792	24.0
2247960	25.0
2247970	24.0
2248395	25.0
2248409	24.0
2248422	25.0
2248435	24.0
2251900	23.0
2257954	22.0
2317955	24.0
2318814	25.0
2318823	24.0
2318888	25.0
2319069	24.0
2319096	23.0
2319118	24.0
2319163	25.0
2319174	24.0
2319181	25.0
2319242	24.0
2319270	23.0
2319286	24.0
2319296	23.0
2321113	22.0
2321834	23.0
2321844	22.0
2322544	23.0
2322583	24.0
2322593	23.0
2322595	24.0
2322606	23.0
2322620	24.0
2322631	23.0
2322691	24.0
2322692	25.0
2322761	24.0
2323284	25.0
2323294	24.0
2323807	25.0
2323852	24.0
2329918	25.0
2329921	25.0
2329927	23.0
2329928	22.0
2333837	23.0
2334049	22.0
2676855	21.0
2677505	22.0
2677707	21.0
2735449	22.0
2735464	23.0
2735676	22.0
2735677	21.0
2735692	23.0
2735702	22.0
2735703	21.0
2736230	23.0
2736717	22.0
2736718	21.0
2754451	20.0
2754525	21.0
2754581	20.0
2821937	21.0
2821949	20.0
2821963	21.0
2821975	20.0
2821990	21.0
2822002	20.0
2822017	21.0
2822029	20.0
2822044	21.0
2822056	20.0
2822071	21.0
2824722	20.0
2824932	21.0
2825633	20.0
2827431	21.0
2827446	20.0
2828035	21.0
2828039	22.0
2828055	21.0
2828065	22.0
2828095	21.0
2828096	20.0
2829202	17.0
2829203	8.0
2829204	2.0
2829205	1.0
2829232	20.0
2830062	19.0
2830063	14.0
2830064	10.0
2830065	4.0
2830066	2.0
2830067	1.0
2830426	20.0
2830436	19.0
2830437	14.0
2830438	10.0
2830439	4.0
2830440	2.0
2830441	1.0
2830556	20.0
2830900	19.0
2830901	14.0
2830902	7.0
2830903	2.0
2830904	1.0
2831710	2.0
2831725	1.0
2831847	3.0
2835699	22.0
2835766	21.0
2835767	16.0
2835768	9.0
2835769	4.0
2835770	3.0
2860786	2.0
2860787	1.0
3259997	19.0
3260471	18.0
3260472	14.0
3260473	11.0
3260474	6.0
3260475	3.0
3260476	2.0
3260477	1.0
3441058	22.0
3441067	21.0
3441068	20.0
3441069	17.0
3441070	12.0
3441071	5.0
3441072	2.0
3441073	1.0
3442981	20.0
3443557	19.0
3443558	18.0
3443559	15.0
3443560	11.0
3443561	5.0
3443562	2.0
3443563	1.0
3444650	19.0
3444660	18.0
3444661	17.0
3444662	14.0
3444663	10.0
3444664	5.0
3444665	2.0
3444666	1.0
3445438	20.0
3445596	19.0
3445597	18.0
3445598	14.0
3445599	11.0
3445600	5.0
3445601	2.0
3445602	1.0
3445881	20.0
3446147	19.0
3446435	20.0
3446583	21.0
3446604	19.0
3446605	16.0
3446606	13.0
3446607	6.0
3446608	3.0
3446609	2.0
3446637	21.0
3446742	19.0
3446743	16.0
3446744	13.0
3446745	6.0
3446746	3.0
3446747	2.0
3446748	1.0
3447481	20.0
3447491	19.0
3447492	16.0
3447493	13.0
3447494	10.0
3447495	5.0
3447496	2.0
3447497	1.0
3447563	20.0
3447950	18.0
3447951	15.0
3447952	11.0
3447953	6.0
3447954	2.0
3447955	1.0
3447974	20.0
3448333	19.0
3448418	20.0
3449273	19.0
3449394	20.0
3451062	19.0
3451064	18.0
3451065	16.0
3451066	13.0
3451067	12.0
3451080	20.0
3451090	19.0
3451092	18.0
3451093	16.0
3451094	13.0
3451095	12.0
3451148	20.0
3451158	19.0
3451160	18.0
3451161	16.0
3451162	13.0
3451163	12.0
3451236	20.0
3451648	18.0
3451649	17.0
3451650	20.0
3451893	21.0
3452022	20.0
3452249	19.0
3452325	18.0
3452438	17.0
3452439	14.0
3452440	10.0
3452441	4.0
3452442	1.0
3452443	0.0
3452613	12.0
3452623	9.0
3452624	6.0
3452625	4.0
3452626	3.0
3452627	1.0
3452628	0.0
3452757	10.0
3452768	7.0
3452769	4.0
3452770	2.0
3452771	1.0
3452772	0.0
3452857	20.0
3452867	19.0
3452868	18.0
3452869	13.0
3452870	8.0
3452871	4.0
3452872	1.0
3452873	0.0
3453083	20.0
3453261	19.0
3453262	18.0
3453331	20.0
3453338	20.0
3453340	19.0
3453342	17.0
3453343	13.0
3453344	6.0
3453345	2.0
3453346	1.0
3453347	0.0
4038484	17.0
4038501	16.0
4038502	13.0
4038503	12.0
4038504	10.0
4038505	7.0
4038506	3.0
4038507	2.0
4038508	1.0
4038509	0.0
4048711	17.0
4049071	16.0
4049072	13.0
4049073	12.0
4049074	10.0
4049075	6.0
4049076	2.0
4049077	1.0
4049078	0.0
