427781	1.0
428728	0.0
941827	2.0
945520	3.0
945536	2.0
1032070	14.0
1032073	16.0
1032076	19.0
1032284	18.0
1032307	19.0
1032405	17.0
1032406	16.0
1032407	11.0
1032408	8.0
1032409	7.0
1032984	19.0
1032995	17.0
1032996	14.0
1032997	10.0
1032998	8.0
1032999	7.0
1033142	19.0
1033272	17.0
1033273	16.0
1033274	11.0
1033275	8.0
1033276	7.0
1033383	19.0
1033390	19.0
1033393	17.0
1033394	16.0
1033395	11.0
1033396	8.0
1033397	7.0
1033499	19.0
1036392	20.0
1036407	19.0
1036409	20.0
1036429	19.0
1036451	20.0
1036610	19.0
1039528	23.0
1040174	22.0
1040175	21.0
1040176	20.0
1040177	19.0
1040408	23.0
1042218	22.0
1042219	21.0
1042220	20.0
1042221	19.0
1042256	23.0
1042265	22.0
1042266	21.0
1042267	20.0
1042268	19.0
1042371	23.0
1042984	22.0
1042985	21.0
1042986	20.0
1042987	23.0
1042991	23.0
1042995	22.0
1042996	21.0
1042997	20.0
1042998	19.0
1043101	23.0
1045526	22.0
1045527	21.0
1045528	20.0
1045529	19.0
1045650	23.0
1046431	22.0
1046432	21.0
1046433	20.0
1046434	19.0
1046557	23.0
1046566	22.0
1046567	21.0
1046568	20.0
1046569	19.0
1046646	23.0
1046655	22.0
1046656	21.0
1046657	20.0
1046658	19.0
1046775	23.0
1046779	23.0
1046783	22.0
1046784	21.0
1046785	20.0
1046786	19.0
1046922	23.0
1046926	23.0
1046930	22.0
1046931	21.0
1046932	20.0
1046933	19.0
1047153	23.0
1047157	23.0
1047161	22.0
1047162	21.0
1047163	20.0
1047164	19.0
1047264	23.0
1047268	23.0
1047272	22.0
1047273	21.0
1047274	20.0
1047275	19.0
1047310	23.0
1047319	22.0
1047320	21.0
1047321	20.0
1047322	19.0
1047483	23.0
1053437	22.0
1106218	21.0
1106219	20.0
1106854	22.0
1109096	21.0
1109097	20.0
1109099	22.0
1110626	23.0
1110649	22.0
1110663	23.0
1110677	22.0
1110690	23.0
1111289	24.0
1111307	23.0
1111507	24.0
1112009	23.0
1112135	21.0
1112136	20.0
1112222	21.0
1112234	20.0
1112283	23.0
1112286	23.0
1112408	24.0
1112423	23.0
1112490	24.0
1112909	23.0
1113126	24.0
1113779	23.0
1116092	21.0
1116093	20.0
1116156	23.0
1116167	21.0
1116168	20.0
1116220	23.0
1120354	24.0
1120460	23.0
1121008	22.0
1121009	21.0
1121010	20.0
1121063	23.0
1121624	21.0
1121625	20.0
1121740	23.0
1122080	22.0
1122081	21.0
1122082	20.0
1123015	23.0
1123403	21.0
1123404	20.0
1123589	19.0
1123910	22.0
1124157	20.0
1124158	19.0
1126349	22.0
1126352	22.0
1126358	20.0
1126359	19.0
1127282	22.0
1127285	22.0
1127291	20.0
1127292	19.0
1128591	22.0
1129054	20.0
1129055	19.0
1209321	21.0
1209331	20.0
1209332	19.0
1209531	21.0
1210092	20.0
1210093	19.0
1210485	21.0
1213024	20.0
1213372	21.0
1214584	20.0
1214659	21.0
1214811	20.0
1214960	21.0
1221513	20.0
1237346	21.0
1237891	20.0
1238319	21.0
1238923	20.0
1239978	21.0
1240010	20.0
1240694	21.0
1240704	20.0
1240851	21.0
1240860	20.0
1241198	21.0
1241207	20.0
1241479	21.0
1241676	20.0
1241735	21.0
1241745	20.0
1241886	21.0
1242513	20.0
1243562	21.0
1243571	20.0
1243727	21.0
1244276	20.0
1244518	21.0
1244528	20.0
1244564	21.0
1245218	20.0
1245478	21.0
1246113	20.0
1246322	21.0
1247175	20.0
1248967	21.0
1248976	20.0
1249051	21.0
1249060	20.0
1249210	21.0
1249579	20.0
1250745	21.0
1251553	20.0
1252678	21.0
1253316	20.0
1254439	21.0
1254637	20.0
1254760	21.0
1255132	20.0
1255399	21.0
1257939	20.0
1258134	21.0
1258789	20.0
1258971	21.0
1258981	20.0
1259108	21.0
1259588	20.0
1259839	21.0
1260523	20.0
1260797	21.0
1260930	20.0
1261062	21.0
1261071	20.0
1261195	21.0
1261415	20.0
1261641	21.0
1262314	20.0
1262538	21.0
1263283	20.0
1263480	21.0
1264114	20.0
1264454	21.0
1265070	20.0
1266119	21.0
1267723	20.0
1268044	21.0
1268680	20.0
1269024	21.0
1269515	20.0
1276041	21.0
1279452	20.0
1282310	21.0
1282319	20.0
1282345	21.0
1282354	20.0
1282569	21.0
1285358	20.0
1285557	21.0
1286327	20.0
1287035	21.0
1323337	20.0
1323479	21.0
1324117	20.0
1324501	21.0
1324992	20.0
1325178	21.0
1325884	20.0
1326086	21.0
1326096	20.0
1326214	21.0
1326784	20.0
1326972	21.0
1326982	20.0
1327121	21.0
1327130	20.0
1327360	21.0
1327369	20.0
1327494	21.0
1327503	20.0
1327707	21.0
1327716	20.0
1328760	21.0
1329643	20.0
1330559	21.0
1331403	20.0
1333279	21.0
1336765	20.0
1336917	21.0
1337594	20.0
1338441	21.0
1338450	20.0
1339559	21.0
1340422	20.0
1340588	21.0
1340598	20.0
1340638	21.0
1342008	20.0
1342278	21.0
1344001	20.0
1344959	21.0
1345728	20.0
1347638	21.0
1349383	20.0
1350358	21.0
1360251	20.0
1360272	21.0
1360281	20.0
1362964	21.0
1365457	20.0
1366734	21.0
1367318	20.0
1371407	21.0
1398143	20.0
1398382	21.0
1398391	20.0
1398546	21.0
1403379	20.0
1404156	21.0
1409514	20.0
1409870	21.0
1410148	20.0
1411594	21.0
1412417	20.0
1413143	21.0
1413153	20.0
1413224	21.0
1413234	20.0
1413344	21.0
1414062	20.0
1414273	21.0
1415916	20.0
1415998	21.0
1416855	20.0
1416857	21.0
1417711	20.0
1417874	21.0
1418558	20.0
1418766	21.0
1419595	20.0
1419758	21.0
1419768	20.0
1419793	21.0
1420367	20.0
1423093	21.0
1423103	20.0
1423129	21.0
1423139	20.0
1423353	21.0
1423953	20.0
1425796	21.0
1425805	20.0
1426014	21.0
1426692	20.0
1427046	21.0
1427638	20.0
1427902	21.0
1428453	20.0
1429555	21.0
1429564	20.0
1429674	21.0
1430064	20.0
1430176	21.0
1430185	20.0
1430265	21.0
1430274	20.0
1431395	21.0
1432140	20.0
1433192	21.0
1433876	20.0
1434272	21.0
1434772	20.0
1434995	21.0
1435020	20.0
1435196	21.0
1436484	20.0
1437673	21.0
1443878	20.0
1449015	21.0
1449271	22.0
1449399	21.0
1449415	22.0
1449430	21.0
1449599	22.0
1450470	21.0
1450481	22.0
1450747	23.0
1452204	22.0
1452465	21.0
1452718	22.0
1453511	23.0
1454312	22.0
1454629	23.0
1454642	22.0
1454832	23.0
1455178	22.0
1455630	23.0
1455644	22.0
1464196	23.0
1464239	22.0
1464305	23.0
1464321	22.0
1464649	23.0
1464677	22.0
1464683	23.0
1464699	22.0
1464945	23.0
1464960	22.0
1465306	23.0
1465835	22.0
1465998	23.0
1468346	22.0
1468664	23.0
1468965	22.0
1468974	23.0
1468990	22.0
1469118	23.0
1469358	22.0
1469369	23.0
1473485	24.0
1474066	23.0
1474170	24.0
1490528	25.0
1490538	24.0
1490998	25.0
1495055	24.0
1495664	25.0
1497908	24.0
1500647	25.0
1522298	24.0
1530387	25.0
1532654	24.0
1532733	25.0
1533809	24.0
1534042	25.0
1534216	24.0
1535947	25.0
1536642	24.0
1536837	25.0
1536847	24.0
1536875	25.0
1537415	24.0
1537473	25.0
1537541	24.0
1537712	25.0
1547202	24.0
1547203	23.0
1547646	25.0
1547656	24.0
1547657	23.0
1547658	25.0
1548283	24.0
1548284	23.0
1548376	25.0
1550097	24.0
1550126	23.0
1550127	22.0
1550685	25.0
1550695	23.0
1550696	22.0
1550918	24.0
1550928	23.0
1550929	22.0
1551642	25.0
1552652	24.0
1553365	25.0
1553376	24.0
1553388	25.0
1553398	24.0
1553606	23.0
1553607	22.0
1553668	24.0
1553678	23.0
1553679	22.0
1553893	23.0
1553903	22.0
1554433	25.0
1554717	24.0
1554959	25.0
1555334	24.0
1555601	23.0
1555602	22.0
1556231	24.0
1556241	23.0
1556242	22.0
1556806	24.0
1556891	25.0
1556902	24.0
1557071	25.0
1557081	24.0
1557147	25.0
1560049	23.0
1560050	22.0
1629813	23.0
1637674	24.0
1637690	23.0
1637793	24.0
1638221	23.0
1638264	24.0
1638390	23.0
1638840	24.0
1640075	23.0
1640076	17.0
1640077	9.0
1640078	6.0
1640079	5.0
1640105	4.0
2059897	5.0
2061768	22.0
2061886	22.0
2061897	21.0
2061898	15.0
2061899	8.0
2061900	6.0
2061901	5.0
2062382	4.0
2063867	21.0
2063878	20.0
2063879	14.0
2063880	7.0
2063881	5.0
2063882	4.0
2064237	5.0
2064653	4.0
2066688	21.0
2066701	17.0
2066702	9.0
2066703	5.0
2066704	4.0
2066939	21.0
2067420	21.0
2067433	17.0
2067434	9.0
2067435	5.0
2067436	4.0
2067497	21.0
2067510	17.0
2067511	9.0
2067512	5.0
2067513	4.0
2067939	21.0
2068324	17.0
2068325	9.0
2068326	5.0
2068327	4.0
2068493	21.0
2072066	17.0
2072067	9.0
2072068	5.0
2072069	4.0
2136952	22.0
2137178	21.0
2137179	16.0
2137180	9.0
2137181	6.0
2137182	5.0
2137183	4.0
2237923	23.0
2237935	22.0
2237936	16.0
2237937	9.0
2237938	5.0
2237939	4.0
2238157	23.0
2238273	24.0
2238289	24.0
2238664	23.0
2238777	24.0
2239339	25.0
2239353	24.0
2240657	25.0
2241749	24.0
2241750	23.0
2241830	25.0
2241897	24.0
2241898	23.0
2241949	25.0
2242133	24.0
2242162	23.0
2242163	22.0
2242201	24.0
2242313	25.0
2242326	24.0
2242446	25.0
2242611	24.0
2242677	25.0
2242692	24.0
2242703	25.0
2242718	24.0
2242726	25.0
2244660	26.0
2245773	25.0
2247792	24.0
2247957	25.0
2247970	24.0
2248400	25.0
2248409	24.0
2248423	25.0
2248435	24.0
2251900	23.0
2257954	22.0
2317952	24.0
2318811	25.0
2318823	24.0
2318885	25.0
2319069	24.0
2319096	23.0
2319116	24.0
2319161	25.0
2319174	24.0
2319179	25.0
2319242	24.0
2319270	23.0
2319284	24.0
2319296	23.0
2321113	22.0
2321831	23.0
2321844	22.0
2322541	23.0
2322580	24.0
2322606	23.0
2322617	24.0
2322631	23.0
2322688	24.0
2322689	25.0
2322761	24.0
2323281	25.0
2323294	24.0
2323805	25.0
2323852	24.0
2329915	25.0
2329921	25.0
2329927	23.0
2329928	22.0
2333834	23.0
2334049	22.0
2676855	21.0
2677500	22.0
2677707	21.0
2735449	22.0
2735464	23.0
2735676	22.0
2735677	21.0
2735692	23.0
2735702	22.0
2735703	21.0
2736230	23.0
2736717	22.0
2736718	21.0
2754446	19.0
2754447	17.0
2754448	10.0
2754449	3.0
2754450	1.0
2754451	0.0
2754522	21.0
2754577	18.0
2754578	12.0
2754579	5.0
2754580	1.0
2754581	0.0
4563857	13.0
4565106	12.0
4565107	10.0
4565108	8.0
4565109	3.0
4565110	2.0
4565111	1.0
4565112	0.0
4565381	13.0
4565391	12.0
4565392	10.0
4565393	8.0
4565394	3.0
4565395	2.0
4565396	1.0
4565397	0.0
4565479	13.0
4565489	12.0
4565490	10.0
4565491	8.0
4565492	3.0
4565493	2.0
4565494	1.0
4565495	0.0
4657254	14.0
4657262	13.0
4657263	11.0
4657264	9.0
4657265	8.0
4657266	6.0
4657267	5.0
4657268	3.0
4657269	1.0
4657270	0.0
4657406	14.0
4657489	15.0
4658124	14.0
4658128	11.0
4658129	9.0
4658130	7.0
4658131	4.0
4658132	3.0
4658133	2.0
4658134	1.0
4658167	16.0
4658178	15.0
4658228	16.0
4658294	15.0
4658297	14.0
4658300	13.0
4658301	10.0
4658302	5.0
4658303	2.0
4658304	1.0
4658306	15.0
4658344	14.0
4658426	15.0
4658536	14.0
4658539	13.0
4658540	11.0
4658541	6.0
4658542	3.0
4658543	1.0
4658544	0.0
4658549	15.0
4659107	14.0
4659111	11.0
4659112	9.0
4659113	8.0
4659114	5.0
4659115	4.0
4659116	3.0
4659117	2.0
4659167	1.0
4659168	0.0
4659532	13.0
4659554	15.0
4661628	14.0
4661631	13.0
4661632	11.0
4661633	6.0
4661634	3.0
4661635	2.0
4661735	15.0
4661839	14.0
4662007	15.0
4662052	16.0
4662065	15.0
4662157	16.0
4662173	15.0
4662208	14.0
4662216	15.0
4662245	14.0
4664487	15.0
4665359	14.0
4665374	15.0
4665954	14.0
4667634	15.0
4667714	14.0
4667893	15.0
4667905	14.0
4671708	15.0
4671720	14.0
4671901	15.0
4671941	14.0
4733026	15.0
4733040	14.0
4737607	13.0
4738570	14.0
4738582	13.0
4739425	14.0
4739456	15.0
4739647	14.0
4739648	13.0
4740975	14.0
4740987	13.0
4741007	14.0
4741019	13.0
4742210	12.0
4742338	13.0
4742344	13.0
4742348	12.0
4742716	13.0
4742727	12.0
4742780	13.0
4743324	12.0
4743810	13.0
4744538	12.0
4744695	13.0
4744706	12.0
4744830	13.0
4745135	12.0
4745329	13.0
4745335	13.0
4745339	12.0
4745436	13.0
4745442	13.0
4745446	12.0
4745576	13.0
4745582	13.0
4745586	12.0
4745944	13.0
4746108	12.0
4747115	13.0
4747731	12.0
4748024	13.0
4748648	12.0
4749232	13.0
4749243	12.0
4749247	13.0
4749605	12.0
4749958	13.0
4750324	14.0
4750337	13.0
4750409	12.0
4750440	13.0
4750970	12.0
4751642	13.0
4757845	12.0
4758150	13.0
4758548	12.0
4759002	13.0
4759008	13.0
4759012	12.0
4759535	13.0
4759586	12.0
5184514	11.0
5184517	10.0
5254814	9.0
5254815	6.0
5254816	5.0
5255269	8.0
5255298	7.0
5255299	6.0
5255780	8.0
5255799	8.0
5256026	7.0
5256027	6.0
5256161	8.0
5256175	7.0
5256176	6.0
5256190	8.0
5256335	7.0
5256336	6.0
5256485	8.0
5256491	8.0
5256497	7.0
5256498	6.0
5256571	5.0
5256984	6.0
5257000	5.0
5263544	4.0
5264610	5.0
5265336	6.0
5265665	5.0
5265666	3.0
5265667	1.0
5265668	0.0
