4559327	16.0
4559336	15.0
4559337	13.0
4559338	10.0
4559339	7.0
4559340	3.0
4559341	2.0
4559342	1.0
4559343	0.0
4559455	16.0
4559464	15.0
4559465	13.0
4559466	10.0
4559467	7.0
4559468	3.0
4559469	2.0
4559470	1.0
4559471	0.0
4643720	15.0
4643907	13.0
4643908	10.0
4643909	6.0
4643910	15.0
4644169	14.0
4644235	15.0
4644249	14.0
4644275	15.0
4644323	14.0
4644500	15.0
4644579	14.0
4644669	15.0
4644684	14.0
4644718	15.0
4644798	14.0
4644989	15.0
4645003	14.0
4645004	15.0
4645017	14.0
4645109	15.0
4645123	14.0
4647323	12.0
4647324	9.0
4647325	5.0
4647326	1.0
4647327	0.0
4647422	14.0
4647432	13.0
4647433	12.0
4647434	8.0
4647435	3.0
4647436	1.0
4647437	0.0
4647483	14.0
4647706	13.0
4647707	11.0
4647708	10.0
4647709	7.0
4647710	3.0
4647711	2.0
4647712	1.0
4647713	0.0
4647723	14.0
4647732	13.0
4647733	11.0
4647734	10.0
4647735	7.0
4647736	3.0
4647737	2.0
4647738	1.0
4647739	0.0
4647772	14.0
4648123	12.0
4648124	9.0
4648125	5.0
4648126	1.0
4648127	0.0
4650266	15.0
4650278	12.0
4650279	5.0
4650280	3.0
4650281	1.0
4650282	0.0
4650346	15.0
4651137	12.0
4651138	5.0
4651139	3.0
4651140	1.0
4651141	0.0
4651152	15.0
4651163	12.0
4651164	5.0
4651165	3.0
4651166	1.0
4651167	0.0
4657489	15.0
4658124	14.0
4658128	11.0
4658129	9.0
4658130	7.0
4658131	4.0
4658132	3.0
4658133	2.0
4658134	1.0
4658168	16.0
4658178	15.0
4658229	16.0
4658294	15.0
4658297	14.0
4658300	13.0
4658301	10.0
4658302	5.0
4658303	2.0
4658304	1.0
4658305	15.0
4658344	14.0
4658425	15.0
4658544	14.0
4658549	15.0
4659107	14.0
4659111	11.0
4659112	9.0
4659113	8.0
4659114	5.0
4659115	4.0
4659116	3.0
4659117	2.0
4659168	1.0
4659264	14.0
4659272	13.0
4659275	12.0
4659276	10.0
4659277	6.0
4659278	4.0
4659279	2.0
4659280	1.0
4659330	14.0
4659337	13.0
4659340	12.0
4659341	10.0
4659342	6.0
4659343	4.0
4659344	2.0
4659345	1.0
4659354	14.0
4659361	13.0
4659364	12.0
4659365	10.0
4659366	6.0
4659367	4.0
4659368	2.0
4659369	1.0
4659554	15.0
4661628	14.0
4661631	13.0
4661632	11.0
4661633	6.0
4661634	3.0
4661635	2.0
4661735	15.0
4661830	14.0
4661834	11.0
4661835	9.0
4661836	7.0
4661837	3.0
4661838	1.0
4661839	0.0
4662050	16.0
4662058	15.0
4662061	14.0
4662062	11.0
4662063	5.0
4662064	1.0
4662065	0.0
4662157	16.0
4662165	15.0
4662168	14.0
4662169	12.0
4662170	10.0
4662171	4.0
4662172	1.0
4662173	0.0
4662215	15.0
4662236	14.0
4662240	11.0
4662241	9.0
4662242	7.0
4662243	3.0
4662244	1.0
4662245	0.0
4734592	1.0
4734608	0.0
4739453	15.0
4739638	14.0
4739641	13.0
4739642	11.0
4739643	8.0
4739644	6.0
4739645	4.0
4739646	1.0
4739647	0.0
4808418	1.0
4808552	0.0
4808574	1.0
4808590	0.0
5242546	2.0
5242558	1.0
5242561	0.0
5253178	2.0
5253756	1.0
5253759	0.0
5265413	1.0
5265429	0.0
5265522	1.0
5265538	0.0
5348528	4.0
5348541	3.0
5348543	1.0
5348544	0.0
5408172	1.0
5408188	0.0
5412605	2.0
5413269	1.0
5413272	0.0
