1024764	6.0
1024784	1.0
1024785	0.0
1028122	13.0
1028142	12.0
1028143	11.0
1028144	5.0
1028145	1.0
1028146	0.0
1028206	13.0
1029789	12.0
1029824	13.0
1029837	12.0
1029956	13.0
1031251	12.0
1031400	13.0
1031411	12.0
1032074	14.0
1032078	16.0
1032081	19.0
1032284	18.0
1032312	19.0
1032406	18.0
1032407	17.0
1032408	13.0
1032409	12.0
1032481	13.0
1032495	12.0
1032988	19.0
1032992	19.0
1032996	18.0
1032997	17.0
1032998	13.0
1032999	12.0
1033145	19.0
1033273	18.0
1033274	15.0
1033275	13.0
1033276	12.0
1033386	19.0
1033390	19.0
1033394	18.0
1033395	16.0
1033396	13.0
1033397	12.0
1033502	19.0
1036393	20.0
1036407	19.0
1036410	20.0
1036429	19.0
1036451	20.0
1036610	19.0
1039527	23.0
1040174	22.0
1040175	21.0
1040176	20.0
1040177	19.0
1040407	23.0
1042218	22.0
1042219	21.0
1042220	20.0
1042221	19.0
1042255	23.0
1042265	22.0
1042266	21.0
1042267	20.0
1042268	19.0
1042370	23.0
1042984	22.0
1042985	21.0
1042986	23.0
1042991	23.0
1042995	22.0
1042996	21.0
1042997	20.0
1042998	19.0
1043100	23.0
1045526	22.0
1045527	21.0
1045528	20.0
1045529	19.0
1045649	23.0
1046431	22.0
1046432	21.0
1046433	20.0
1046434	19.0
1046556	23.0
1046566	22.0
1046567	21.0
1046568	20.0
1046569	19.0
1046645	23.0
1046655	22.0
1046656	21.0
1046657	20.0
1046658	19.0
1046774	23.0
1046779	23.0
1046783	22.0
1046784	21.0
1046785	20.0
1046786	19.0
1046921	23.0
1046926	23.0
1046930	22.0
1046931	21.0
1046932	20.0
1046933	19.0
1047152	23.0
1047157	23.0
1047161	22.0
1047162	21.0
1047163	20.0
1047164	19.0
1047263	23.0
1047268	23.0
1047272	22.0
1047273	21.0
1047274	20.0
1047275	19.0
1047309	23.0
1047319	22.0
1047320	21.0
1047321	20.0
1047322	19.0
1047482	23.0
1053437	22.0
1106218	21.0
1106219	20.0
1106853	22.0
1109096	21.0
1109097	20.0
1109098	22.0
1110627	23.0
1110649	22.0
1110664	23.0
1110677	22.0
1110691	23.0
1111290	24.0
1111307	23.0
1111508	24.0
1112009	23.0
1112135	21.0
1112136	20.0
1112221	21.0
1112234	20.0
1112282	23.0
1112286	23.0
1112409	24.0
1112423	23.0
1112489	24.0
1112909	23.0
1113127	24.0
1113779	23.0
1116092	21.0
1116093	20.0
1116156	23.0
1116167	21.0
1116168	20.0
1116220	23.0
1120353	24.0
1120460	23.0
1121008	22.0
1121009	21.0
1121010	20.0
1121062	23.0
1121624	21.0
1121625	20.0
1121739	23.0
1122080	22.0
1122081	21.0
1122082	20.0
1123014	23.0
1123403	21.0
1123404	20.0
1123589	19.0
1123909	22.0
1124157	20.0
1124158	19.0
1126348	22.0
1126352	22.0
1126358	20.0
1126359	19.0
1127281	22.0
1127285	22.0
1127291	20.0
1127292	19.0
1128590	22.0
1129054	20.0
1129055	19.0
1209320	21.0
1209331	20.0
1209332	19.0
1209530	21.0
1210092	20.0
1210093	19.0
1210484	21.0
1213024	20.0
1213371	21.0
1214584	20.0
1214658	21.0
1214811	20.0
1214959	21.0
1221513	20.0
1237345	21.0
1237891	20.0
1238318	21.0
1238923	20.0
1239977	21.0
1240010	20.0
1240693	21.0
1240704	20.0
1240850	21.0
1240860	20.0
1241197	21.0
1241207	20.0
1241478	21.0
1241676	20.0
1241734	21.0
1241745	20.0
1241885	21.0
1242513	20.0
1243561	21.0
1243571	20.0
1243726	21.0
1244276	20.0
1244517	21.0
1244528	20.0
1244563	21.0
1245218	20.0
1245477	21.0
1246113	20.0
1246321	21.0
1247175	20.0
1248966	21.0
1248976	20.0
1249050	21.0
1249060	20.0
1249209	21.0
1249579	20.0
1250744	21.0
1251553	20.0
1252677	21.0
1253316	20.0
1254438	21.0
1254637	20.0
1254759	21.0
1255132	20.0
1255398	21.0
1257939	20.0
1258133	21.0
1258789	20.0
1258970	21.0
1258981	20.0
1259107	21.0
1259588	20.0
1259838	21.0
1260523	20.0
1260796	21.0
1260930	20.0
1261061	21.0
1261071	20.0
1261194	21.0
1261415	20.0
1261640	21.0
1262314	20.0
1262537	21.0
1263283	20.0
1263479	21.0
1264114	20.0
1264453	21.0
1265070	20.0
1266118	21.0
1267723	20.0
1268043	21.0
1268680	20.0
1269023	21.0
1269515	20.0
1276040	21.0
1279452	20.0
1282309	21.0
1282319	20.0
1282344	21.0
1282354	20.0
1282568	21.0
1285358	20.0
1285556	21.0
1286327	20.0
1287034	21.0
1323337	20.0
1323478	21.0
1324117	20.0
1324500	21.0
1324992	20.0
1325177	21.0
1325884	20.0
1326085	21.0
1326096	20.0
1326213	21.0
1326784	20.0
1326971	21.0
1326982	20.0
1327120	21.0
1327130	20.0
1327359	21.0
1327369	20.0
1327493	21.0
1327503	20.0
1327706	21.0
1327716	20.0
1328759	21.0
1329643	20.0
1330558	21.0
1331403	20.0
1333278	21.0
1336765	20.0
1336916	21.0
1337594	20.0
1338440	21.0
1338450	20.0
1339558	21.0
1340422	20.0
1340587	21.0
1340598	20.0
1340637	21.0
1342008	20.0
1342277	21.0
1344001	20.0
1344958	21.0
1345728	20.0
1347637	21.0
1349383	20.0
1350357	21.0
1360251	20.0
1360271	21.0
1360281	20.0
1362963	21.0
1365457	20.0
1366733	21.0
1367318	20.0
1371406	21.0
1398143	20.0
1398381	21.0
1398391	20.0
1398545	21.0
1403379	20.0
1404155	21.0
1409514	20.0
1409869	21.0
1410148	20.0
1411593	21.0
1412417	20.0
1413142	21.0
1413153	20.0
1413223	21.0
1413234	20.0
1413343	21.0
1414062	20.0
1414272	21.0
1415916	20.0
1415997	21.0
1416855	20.0
1416856	21.0
1417711	20.0
1417873	21.0
1418558	20.0
1418765	21.0
1419595	20.0
1419757	21.0
1419768	20.0
1419792	21.0
1420367	20.0
1423092	21.0
1423103	20.0
1423128	21.0
1423139	20.0
1423352	21.0
1423953	20.0
1425795	21.0
1425805	20.0
1426013	21.0
1426692	20.0
1427045	21.0
1427638	20.0
1427901	21.0
1428453	20.0
1429554	21.0
1429564	20.0
1429673	21.0
1430064	20.0
1430175	21.0
1430185	20.0
1430264	21.0
1430274	20.0
1431394	21.0
1432140	20.0
1433191	21.0
1433876	20.0
1434271	21.0
1434772	20.0
1434994	21.0
1435020	20.0
1435195	21.0
1436484	20.0
1437672	21.0
1443878	20.0
1449014	21.0
1449273	22.0
1449399	21.0
1449417	22.0
1449430	21.0
1449601	22.0
1450470	21.0
1450483	22.0
1450746	23.0
1452204	22.0
1452465	21.0
1452717	22.0
1453513	23.0
1454312	22.0
1454631	23.0
1454642	22.0
1454834	23.0
1455178	22.0
1455632	23.0
1455644	22.0
1464199	23.0
1464239	22.0
1464308	23.0
1464321	22.0
1464652	23.0
1464677	22.0
1464686	23.0
1464699	22.0
1464948	23.0
1464960	22.0
1465309	23.0
1465835	22.0
1466001	23.0
1468346	22.0
1468667	23.0
1468965	22.0
1468977	23.0
1468990	22.0
1469121	23.0
1469358	22.0
1469372	23.0
1473488	24.0
1474066	23.0
1474173	24.0
1490527	25.0
1490538	24.0
1490997	25.0
1495055	24.0
1495663	25.0
1497908	24.0
1500646	25.0
1522298	24.0
1530386	25.0
1532654	24.0
1532732	25.0
1533809	24.0
1534041	25.0
1534216	24.0
1535946	25.0
1536642	24.0
1536836	25.0
1536847	24.0
1536874	25.0
1537415	24.0
1537472	25.0
1537541	24.0
1537711	25.0
1547202	24.0
1547203	23.0
1547645	25.0
1547656	24.0
1547657	25.0
1548283	24.0
1548284	23.0
1548375	25.0
1550097	24.0
1550126	23.0
1550127	22.0
1550684	25.0
1550695	23.0
1550696	22.0
1550917	24.0
1550928	23.0
1550929	22.0
1551641	25.0
1552652	24.0
1553364	25.0
1553376	24.0
1553387	25.0
1553398	24.0
1553606	23.0
1553607	22.0
1553667	24.0
1553678	23.0
1553679	22.0
1553892	23.0
1553903	22.0
1554432	25.0
1554717	24.0
1554958	25.0
1555334	24.0
1555601	23.0
1555602	22.0
1556230	24.0
1556241	23.0
1556242	22.0
1556805	24.0
1556890	25.0
1556902	24.0
1557070	25.0
1557081	24.0
1557146	25.0
1560049	23.0
1560050	22.0
1629812	23.0
1637677	24.0
1637690	23.0
1637796	24.0
1638221	23.0
1638267	24.0
1638390	23.0
1638841	24.0
1640078	20.0
1640079	19.0
1648591	18.0
1649384	19.0
1651162	18.0
1651173	19.0
1651651	18.0
1651775	19.0
1652235	18.0
1654372	17.0
1721612	18.0
1721625	17.0
1721630	18.0
1721643	17.0
1721655	18.0
1721668	17.0
1721693	18.0
1721709	17.0
1721843	18.0
1723820	17.0
2061767	22.0
2061899	20.0
2061900	18.0
2061901	17.0
2063866	21.0
2063880	19.0
2063881	18.0
2063882	17.0
2066689	21.0
2066703	18.0
2066704	17.0
2066940	21.0
2067435	18.0
2067436	17.0
2067498	21.0
2067512	18.0
2067513	17.0
2067940	21.0
2068326	18.0
2068327	17.0
2068494	21.0
2072068	18.0
2072069	17.0
2130711	18.0
2136954	22.0
2137181	20.0
2137182	19.0
2137183	18.0
2216221	19.0
2216235	18.0
2230117	19.0
2230129	18.0
2230938	19.0
2231811	20.0
2233125	19.0
2233626	20.0
2233641	19.0
2233662	20.0
2233675	19.0
2233715	20.0
2234045	21.0
2236625	20.0
2237263	19.0
2237926	23.0
2237938	20.0
2237939	19.0
2238160	23.0
2238277	24.0
2238289	23.0
2238293	24.0
2238664	23.0
2238781	24.0
2239341	25.0
2239353	24.0
2240659	25.0
2241749	24.0
2241750	23.0
2241832	25.0
2241897	24.0
2241898	23.0
2241950	25.0
2242133	24.0
2242162	23.0
2242163	22.0
2242202	24.0
2242315	25.0
2242326	24.0
2242448	25.0
2242611	24.0
2242679	25.0
2242692	24.0
2242705	25.0
2242718	24.0
2242727	25.0
2244660	26.0
2245773	25.0
2247792	24.0
2247957	25.0
2247970	24.0
2248398	25.0
2248409	24.0
2248421	25.0
2248435	24.0
2251900	23.0
2257954	22.0
2317952	24.0
2318811	25.0
2318823	24.0
2318885	25.0
2319069	24.0
2319096	23.0
2319116	24.0
2319161	25.0
2319174	24.0
2319179	25.0
2319242	24.0
2319270	23.0
2319284	24.0
2319296	23.0
2321113	22.0
2321831	23.0
2321844	22.0
2322541	23.0
2322580	24.0
2322606	23.0
2322617	24.0
2322631	23.0
2322688	24.0
2322689	25.0
2322761	24.0
2323281	25.0
2323294	24.0
2323805	25.0
2323852	24.0
2329915	25.0
2329921	25.0
2329927	23.0
2329928	22.0
2333834	23.0
2334049	22.0
2676855	21.0
2677504	22.0
2677707	21.0
2735448	22.0
2735463	23.0
2735676	22.0
2735677	21.0
2735691	23.0
2735702	22.0
2735703	21.0
2736229	23.0
2736717	22.0
2736718	21.0
2754451	20.0
2754525	21.0
2754581	20.0
2821937	21.0
2821949	20.0
2821963	21.0
2821975	20.0
2821990	21.0
2822002	20.0
2822017	21.0
2822029	20.0
2822044	21.0
2822056	20.0
2822071	21.0
2824722	20.0
2824937	21.0
2825633	20.0
2827434	21.0
2827446	20.0
2828040	21.0
2828044	22.0
2828055	21.0
2828070	22.0
2828095	21.0
2828096	20.0
2829204	19.0
2829205	18.0
2829235	20.0
2830066	19.0
2830067	18.0
2830430	20.0
2830434	20.0
2830440	19.0
2830441	18.0
2830559	20.0
2830903	19.0
2830904	18.0
2835700	22.0
2835767	21.0
2835768	20.0
2835769	19.0
2835770	18.0
2837108	17.0
2848718	16.0
2850319	17.0
2850345	16.0
2850531	17.0
2850546	16.0
2916359	17.0
2916450	16.0
2923746	17.0
2923759	16.0
2923863	15.0
2923870	16.0
2923895	17.0
2923907	16.0
2924203	15.0
2925645	16.0
2925658	15.0
2925966	16.0
2925978	15.0
2926443	16.0
2929305	17.0
2929626	16.0
2929737	17.0
2931024	16.0
2931695	17.0
2932346	18.0
2932855	17.0
2993380	18.0
2993397	17.0
2993767	18.0
2993780	17.0
2993842	18.0
2995235	17.0
2995738	18.0
2996983	17.0
2997656	18.0
2997671	17.0
3115912	18.0
3117081	17.0
3118082	18.0
3118250	17.0
3118815	18.0
3119150	17.0
3259999	19.0
3260476	18.0
3260477	17.0
3261652	16.0
3262578	17.0
3263157	16.0
3263374	17.0
3263387	16.0
3263650	17.0
3263824	16.0
3264238	17.0
3352456	18.0
3352469	17.0
3357002	18.0
3357017	17.0
3357316	18.0
3357863	17.0
3432756	16.0
3435918	17.0
3440280	18.0
3440779	17.0
3440816	18.0
3440835	17.0
3440875	18.0
3440887	19.0
3440921	20.0
3441060	22.0
3441066	22.0
3441072	21.0
3441073	20.0
3441102	19.0
3441152	18.0
3441265	19.0
3441279	18.0
3442525	17.0
3442567	18.0
3442581	17.0
3442681	18.0
3442983	20.0
3443562	19.0
3443563	18.0
3444432	19.0
3444446	18.0
3444454	19.0
3444468	18.0
3444481	19.0
3444495	19.0
3444504	20.0
3444508	19.0
3444509	18.0
3444518	17.0
3444614	18.0
3444630	17.0
3444652	19.0
3444665	18.0
3444666	17.0
3444740	18.0
3445440	20.0
3445601	19.0
3445602	18.0
3445883	20.0
3446147	19.0
3446434	20.0
3446586	21.0
3446608	19.0
3446609	18.0
3446638	21.0
3446746	20.0
3446747	19.0
3446748	18.0
3446789	19.0
3446800	18.0
3446919	17.0
3447076	18.0
3447087	17.0
3447164	18.0
3447483	20.0
3447496	19.0
3447497	18.0
3447563	20.0
3447954	19.0
3447955	18.0
3447975	20.0
3448333	19.0
3448418	20.0
3449273	19.0
3449395	20.0
3451062	17.0
3451063	14.0
3451064	12.0
3451065	11.0
3451066	8.0
3451067	7.0
3451081	20.0
3451088	20.0
3451090	17.0
3451091	14.0
3451092	12.0
3451093	11.0
3451094	8.0
3451095	7.0
3451148	20.0
3451156	20.0
3451157	17.0
3451158	14.0
3451159	12.0
3451160	11.0
3451161	10.0
3451162	8.0
3451163	7.0
3451237	20.0
3451645	19.0
3451646	18.0
3451647	17.0
3451648	15.0
3451649	11.0
3451650	20.0
3451894	21.0
3452022	20.0
3452249	19.0
3452325	18.0
3452443	17.0
3452494	18.0
3452550	17.0
3452551	16.0
3452552	14.0
3452553	10.0
3452554	9.0
3452555	7.0
3452556	6.0
3452569	18.0
3452575	18.0
3452576	17.0
3452577	16.0
3452578	14.0
3452579	10.0
3452580	9.0
3452581	7.0
3452582	6.0
3452639	18.0
3452651	19.0
3452701	16.0
3452702	13.0
3452703	11.0
3452704	10.0
3452705	9.0
3452711	19.0
3452718	19.0
3452721	16.0
3452722	13.0
3452723	11.0
3452724	10.0
3452725	9.0
3452766	20.0
3452772	19.0
3452776	19.0
3452859	20.0
3452873	19.0
3452997	18.0
3452998	17.0
3452999	15.0
3453000	10.0
3453001	8.0
3453002	7.0
3453077	9.0
3453081	19.0
3453085	20.0
3453261	19.0
3453262	18.0
3453337	20.0
3453338	20.0
3453344	19.0
3453345	18.0
3453347	17.0
3453998	15.0
3453999	9.0
3454000	7.0
3454001	6.0
3454263	17.0
3454270	16.0
3454272	15.0
3454273	13.0
3454274	10.0
3454275	8.0
3454276	7.0
3454277	6.0
3454616	17.0
3455912	15.0
3455913	9.0
3455914	7.0
3455915	6.0
3456042	17.0
3456667	15.0
3456668	9.0
3456669	7.0
3456670	6.0
3456679	17.0
3456689	15.0
3456690	9.0
3456691	7.0
3456692	6.0
3456727	17.0
3456737	15.0
3456738	9.0
3456739	7.0
3456740	6.0
3457257	17.0
3457600	16.0
3457773	17.0
3457786	16.0
3457790	14.0
3457791	8.0
3457792	6.0
3457793	5.0
3458528	16.0
3511451	17.0
3511461	16.0
3527642	17.0
3528076	16.0
4035973	17.0
4035984	16.0
4038491	17.0
4038509	16.0
4048717	17.0
4049078	16.0
4059058	15.0
4059059	14.0
4059066	16.0
4059076	15.0
4059077	14.0
4059123	15.0
4059331	16.0
4059501	15.0
4059640	14.0
4059980	15.0
4060516	14.0
4060750	15.0
4061091	16.0
4062051	15.0
4062052	14.0
4062160	16.0
4063257	15.0
4063258	14.0
4063537	16.0
4065061	15.0
4066376	14.0
4066417	15.0
4066428	14.0
4124679	15.0
4125278	14.0
4132220	15.0
4132346	14.0
4133898	15.0
4133966	14.0
4134523	15.0
4135733	14.0
4135818	15.0
4135832	14.0
4135844	15.0
4135853	14.0
4470343	13.0
4470344	12.0
4471118	14.0
4472601	13.0
4472602	12.0
4473134	14.0
4473364	13.0
4473365	12.0
4473970	14.0
4473981	13.0
4473982	12.0
4474093	14.0
4474097	14.0
4474103	13.0
4474104	12.0
4476599	14.0
4476855	13.0
4476856	12.0
4485521	14.0
4486227	13.0
4486228	12.0
4486236	14.0
4486246	13.0
4486247	12.0
4486324	14.0
4487212	13.0
4487213	12.0
4487394	14.0
4488049	13.0
4488050	12.0
4550126	13.0
4553027	12.0
4553376	13.0
4553575	12.0
4553870	13.0
4553881	12.0
4554417	13.0
4554514	12.0
4554734	13.0
4555129	12.0
4556593	13.0
4556927	14.0
4556963	13.0
4557069	12.0
4557143	13.0
4557197	12.0
4557597	13.0
4557608	12.0
4557795	13.0
4558450	15.0
4558699	14.0
4559127	15.0
4559139	14.0
4559326	15.0
4559332	16.0
4559343	15.0
4559460	16.0
4559471	15.0
4560092	14.0
4560098	13.0
4560664	12.0
4560680	13.0
4560846	14.0
4561216	13.0
4561231	14.0
4561241	13.0
4561436	14.0
4561726	13.0
4562074	12.0
4563233	14.0
4563244	13.0
4563245	12.0
4563862	13.0
4565112	12.0
4565386	13.0
4565397	12.0
4565484	13.0
4565495	12.0
4580348	11.0
4580349	7.0
4580350	6.0
4580351	5.0
4580414	12.0
4580549	11.0
4580550	7.0
4580551	6.0
4580552	5.0
4580844	12.0
4581483	11.0
4581484	7.0
4581485	6.0
4581486	5.0
4581655	12.0
4582201	11.0
4582202	7.0
4582203	6.0
4582204	5.0
4582509	12.0
4582519	11.0
4582520	7.0
4582521	6.0
4582522	5.0
4582560	12.0
4583220	11.0
4583221	7.0
4583222	6.0
4583223	5.0
4583496	12.0
4583960	11.0
4583961	7.0
4583962	6.0
4583963	5.0
4584581	12.0
4585396	11.0
4585397	7.0
4585398	6.0
4585399	5.0
4585928	12.0
4627907	13.0
4628743	12.0
4635004	11.0
4635005	7.0
4635006	6.0
4635007	5.0
4635199	12.0
4635738	13.0
4635752	12.0
4635763	13.0
4635776	12.0
4635847	13.0
4635860	12.0
4636113	13.0
4636715	12.0
4636716	8.0
4636717	7.0
4636718	6.0
4636771	13.0
4637759	12.0
4637760	8.0
4637761	7.0
4637762	6.0
4637929	13.0
4639106	12.0
4639107	8.0
4639108	7.0
4639109	6.0
4639110	5.0
4639207	12.0
4640372	11.0
4640375	10.0
4640376	7.0
4640377	6.0
4640378	5.0
4641001	12.0
4641011	11.0
4641012	7.0
4641013	6.0
4641014	5.0
4642628	12.0
4642666	13.0
4643161	12.0
4643162	8.0
4643163	7.0
4643164	5.0
4643319	14.0
4643328	13.0
4643404	14.0
4643504	13.0
4643556	14.0
4643723	15.0
4643912	14.0
4643913	15.0
4644169	14.0
4644236	15.0
4644249	14.0
4644276	15.0
4644323	14.0
4644502	15.0
4644579	14.0
4644671	15.0
4644684	14.0
4644719	15.0
4644798	14.0
4644990	15.0
4645003	14.0
4645005	15.0
4645017	14.0
4645109	15.0
4645123	14.0
4647327	13.0
4647424	14.0
4647437	13.0
4647487	14.0
4647713	13.0
4647729	14.0
4647739	13.0
4647774	14.0
4648127	13.0
4648395	12.0
4649904	14.0
4649906	14.0
4649912	13.0
4649913	12.0
4650008	14.0
4650269	15.0
4650282	14.0
4650349	15.0
4651141	14.0
4651155	15.0
4651167	14.0
4651281	12.0
4651282	7.0
4651283	6.0
4651284	5.0
4653384	14.0
4653465	13.0
4653466	11.0
4653467	7.0
4653468	6.0
4653469	5.0
4653600	15.0
4653607	15.0
4653608	14.0
4653611	12.0
4653612	8.0
4653613	6.0
4653614	5.0
4653697	15.0
4654128	16.0
4654221	15.0
4654391	14.0
4654957	13.0
4654958	11.0
4654959	8.0
4654960	7.0
4654961	5.0
4654972	14.0
4654981	13.0
4654982	11.0
4654983	8.0
4654984	7.0
4654985	5.0
4655013	14.0
4655019	14.0
4655021	13.0
4655022	11.0
4655023	8.0
4655024	7.0
4655025	5.0
4655676	14.0
4655990	13.0
4656633	12.0
4656634	10.0
4656635	8.0
4656636	7.0
4656637	5.0
4656770	13.0
4656990	14.0
4657003	13.0
4657023	12.0
4657027	10.0
4657028	8.0
4657029	6.0
4657030	5.0
4657143	6.0
4657173	5.0
4657205	13.0
4657206	14.0
4657233	13.0
4657256	14.0
4657270	13.0
4657413	14.0
4657492	15.0
4658133	14.0
4658134	13.0
4658165	14.0
4658169	16.0
4658178	15.0
4658229	16.0
4658294	15.0
4658303	14.0
4658304	13.0
4658307	15.0
4658344	14.0
4658428	15.0
4658544	14.0
4658552	15.0
4659116	13.0
4659117	12.0
4659267	14.0
4659279	13.0
4659280	12.0
4659332	14.0
4659344	13.0
4659345	12.0
4659357	14.0
4659362	14.0
4659368	13.0
4659369	12.0
4659534	13.0
4659555	15.0
4661634	13.0
4661635	12.0
4661735	15.0
4661839	14.0
4662007	15.0
4662052	16.0
4662065	15.0
4662159	16.0
4662173	15.0
4662208	14.0
4662218	15.0
4662245	14.0
4664489	15.0
4665359	14.0
4665376	15.0
4665387	14.0
4665388	15.0
4665954	14.0
4667636	15.0
4667714	14.0
4667895	15.0
4667905	14.0
4671710	15.0
4671720	14.0
4671903	15.0
4671941	14.0
4733026	15.0
4733040	14.0
4737607	13.0
4738572	14.0
4738582	13.0
4739427	14.0
4739458	15.0
4739647	14.0
4739648	13.0
4740977	14.0
4740987	13.0
4741009	14.0
4741019	13.0
4742210	12.0
4742338	13.0
4742344	13.0
4742348	12.0
4742716	13.0
4742727	12.0
4742780	13.0
4743324	12.0
4743810	13.0
4744538	12.0
4744695	13.0
4744706	12.0
4744830	13.0
4745135	12.0
4745329	13.0
4745335	13.0
4745339	12.0
4745436	13.0
4745442	13.0
4745446	12.0
4745576	13.0
4745582	13.0
4745586	12.0
4745944	13.0
4746108	12.0
4747115	13.0
4747731	12.0
4748024	13.0
4748648	12.0
4749232	13.0
4749243	12.0
4749247	13.0
4749605	12.0
4749958	13.0
4750326	14.0
4750337	13.0
4750409	12.0
4750440	13.0
4750970	12.0
4751642	13.0
4757845	12.0
4758150	13.0
4758548	12.0
4759002	13.0
4759008	13.0
4759012	12.0
4759535	13.0
4759586	12.0
5184514	11.0
5184517	10.0
5254814	7.0
5254815	5.0
5254816	4.0
5255011	3.0
5255012	2.0
5255268	8.0
5255298	7.0
5255299	6.0
5255778	8.0
5256026	7.0
5256027	6.0
5256161	8.0
5256175	7.0
5256176	6.0
5256188	8.0
5256335	7.0
5256336	6.0
5256483	8.0
5256497	7.0
5256498	6.0
5256569	3.0
5256570	1.0
5256571	0.0
5256983	6.0
5256998	3.0
5256999	1.0
5257000	0.0
5258539	2.0
5258593	1.0
5258594	0.0
