1	1.0
387	0.0
622	1.0
637	0.0
241279	1.0
284275	0.0
330630	1.0
413913	0.0
500434	1.0
500449	0.0
500905	1.0
500920	0.0
500926	1.0
500941	0.0
583402	1.0
583420	0.0
583431	1.0
583446	0.0
583457	1.0
583484	0.0
836292	1.0
836550	0.0
837508	1.0
838201	0.0
838674	1.0
839207	0.0
842040	1.0
842180	0.0
843577	1.0
847003	2.0
849476	1.0
850292	2.0
850307	1.0
850749	2.0
855229	1.0
855332	2.0
855643	1.0
855685	2.0
857124	1.0
857198	2.0
857449	1.0
928239	2.0
928255	1.0
929716	2.0
932890	1.0
932985	2.0
936618	1.0
936754	2.0
937485	1.0
937605	2.0
937619	1.0
937873	2.0
937888	1.0
938238	2.0
938252	1.0
938568	2.0
942249	1.0
942250	0.0
942603	2.0
942617	1.0
942618	0.0
942691	2.0
943333	1.0
943349	2.0
943793	1.0
1012689	3.0
1015568	2.0
1015569	1.0
1017503	3.0
1017786	2.0
1017787	1.0
1018042	3.0
1018759	2.0
1018760	1.0
1019013	3.0
1019696	2.0
1019697	1.0
1020252	3.0
1020266	2.0
1020267	1.0
1020370	3.0
1020384	2.0
1020385	1.0
1020415	3.0
1020429	2.0
1020430	1.0
1020691	3.0
1021332	2.0
1021333	1.0
1021583	3.0
1024476	2.0
1024477	1.0
1024708	3.0
1024906	2.0
1024907	1.0
1025040	3.0
1025054	2.0
1025055	1.0
1025454	3.0
1025469	2.0
1025470	1.0
1025755	3.0
1026337	2.0
1026338	1.0
1026603	3.0
1029434	2.0
1029435	1.0
1030142	3.0
1030313	2.0
1030314	1.0
1030383	3.0
1030398	2.0
1030399	1.0
1030665	3.0
1031702	2.0
1031703	1.0
1031890	3.0
1032137	2.0
1032138	1.0
1032442	3.0
1039525	23.0
1040172	21.0
1040173	19.0
1040174	15.0
1040175	8.0
1040176	4.0
1040177	3.0
1040405	23.0
1042216	22.0
1042217	21.0
1042218	17.0
1042219	10.0
1042220	4.0
1042221	3.0
1042253	23.0
1042263	21.0
1042264	19.0
1042265	15.0
1042266	8.0
1042267	4.0
1042268	3.0
1042368	23.0
1042982	22.0
1042983	20.0
1042984	23.0
1042991	23.0
1042993	22.0
1042994	20.0
1042995	16.0
1042996	9.0
1042997	4.0
1042998	3.0
1043098	23.0
1045524	22.0
1045525	20.0
1045526	17.0
1045527	9.0
1045528	4.0
1045529	3.0
1045647	23.0
1046429	22.0
1046430	21.0
1046431	17.0
1046432	10.0
1046433	4.0
1046434	3.0
1046554	23.0
1046564	22.0
1046565	20.0
1046566	16.0
1046567	9.0
1046568	4.0
1046569	3.0
1046643	23.0
1046653	22.0
1046654	20.0
1046655	16.0
1046656	9.0
1046657	4.0
1046658	3.0
1046772	23.0
1046779	23.0
1046781	22.0
1046782	20.0
1046783	16.0
1046784	9.0
1046785	4.0
1046786	3.0
1046919	23.0
1046926	23.0
1046928	22.0
1046929	20.0
1046930	16.0
1046931	9.0
1046932	4.0
1046933	3.0
1047150	23.0
1047157	23.0
1047159	22.0
1047160	20.0
1047161	16.0
1047162	9.0
1047163	4.0
1047164	3.0
1047261	23.0
1047268	23.0
1047270	22.0
1047271	20.0
1047272	16.0
1047273	9.0
1047274	4.0
1047275	3.0
1047307	23.0
1047317	22.0
1047318	20.0
1047319	16.0
1047320	9.0
1047321	4.0
1047322	3.0
1047480	23.0
1053437	22.0
1106218	21.0
1106219	20.0
1106848	22.0
1110626	23.0
1110649	22.0
1110667	23.0
1110677	22.0
1110694	23.0
1111293	24.0
1111307	23.0
1111511	24.0
1112009	23.0
1112129	23.0
1112130	22.0
1112131	21.0
1112132	18.0
1112133	10.0
1112134	4.0
1112135	3.0
1112136	2.0
1112279	23.0
1112412	24.0
1112423	23.0
1112488	24.0
1112909	23.0
1113126	24.0
1113779	23.0
1116089	19.0
1116090	10.0
1116091	4.0
1116092	3.0
1116093	2.0
1116153	23.0
1116164	19.0
1116165	10.0
1116166	4.0
1116167	3.0
1116168	2.0
1116217	23.0
1120354	24.0
1120460	23.0
1121004	22.0
1121005	20.0
1121006	16.0
1121007	9.0
1121008	4.0
1121009	3.0
1121010	2.0
1121059	23.0
1121619	22.0
1121620	20.0
1121621	16.0
1121622	9.0
1121623	4.0
1121624	3.0
1121625	2.0
1121735	23.0
1122076	22.0
1122077	20.0
1122078	16.0
1122079	9.0
1122080	4.0
1122081	3.0
1122082	2.0
1123011	23.0
1123397	23.0
1123398	22.0
1123399	20.0
1123400	16.0
1123401	9.0
1123402	4.0
1123403	3.0
1123404	2.0
1123906	22.0
1124151	22.0
1124152	21.0
1124153	19.0
1124154	15.0
1124155	8.0
1124156	4.0
1124157	3.0
1124158	2.0
1126345	22.0
1126352	22.0
1126353	21.0
1126354	19.0
1126355	15.0
1126356	8.0
1126357	4.0
1126358	3.0
1126359	2.0
1127278	22.0
1127285	22.0
1127286	21.0
1127287	19.0
1127288	15.0
1127289	8.0
1127290	4.0
1127291	3.0
1127292	2.0
1128587	22.0
1129049	21.0
1129050	19.0
1129051	15.0
1129052	8.0
1129053	4.0
1129054	3.0
1129055	2.0
1141582	1.0
1141636	2.0
1141651	1.0
1145495	2.0
1152280	1.0
1152409	2.0
1152423	1.0
1152733	2.0
1154038	1.0
1154170	2.0
1154184	1.0
1154608	2.0
1154797	1.0
1155053	2.0
1155067	1.0
1155515	2.0
1158456	1.0
1158574	2.0
1158588	1.0
1159093	2.0
1159548	1.0
1160072	2.0
1160086	1.0
1160328	2.0
1163541	1.0
1163665	2.0
1163679	1.0
1163790	2.0
1168748	1.0
1172493	2.0
1180536	1.0
1180655	2.0
1180669	1.0
1180813	2.0
1181190	1.0
1191458	2.0
1192193	1.0
1192474	2.0
1198381	1.0
1198697	2.0
1198711	1.0
1199672	2.0
1201218	1.0
1202506	2.0
1208647	1.0
1209317	21.0
1209325	21.0
1209326	20.0
1209327	18.0
1209328	14.0
1209329	7.0
1209330	3.0
1209331	2.0
1209332	1.0
1209527	21.0
1210087	20.0
1210088	18.0
1210089	14.0
1210090	7.0
1210091	3.0
1210092	2.0
1210093	1.0
1210481	21.0
1213024	20.0
1213366	21.0
1214584	20.0
1214655	21.0
1214811	20.0
1214956	21.0
1221507	20.0
1221508	18.0
1221509	14.0
1221510	7.0
1221511	3.0
1221512	1.0
1221513	0.0
1449009	21.0
1449275	22.0
1449399	21.0
1449419	22.0
1449430	21.0
1449603	22.0
1450470	21.0
1450485	22.0
1450747	23.0
1452204	22.0
1452459	19.0
1452460	15.0
1452461	7.0
1452462	3.0
1452463	2.0
1452464	1.0
1452465	0.0
1452712	22.0
1453515	23.0
1454312	22.0
1454633	23.0
1454642	22.0
1454836	23.0
1455178	22.0
1455634	23.0
1455644	22.0
1464202	23.0
1464239	22.0
1464311	23.0
1464321	22.0
1464656	23.0
1464677	22.0
1464690	23.0
1464699	22.0
1464952	23.0
1464960	22.0
1465312	23.0
1465835	22.0
1466004	23.0
1468346	22.0
1468667	23.0
1468965	22.0
1468977	23.0
1468990	22.0
1469121	23.0
1469358	22.0
1469372	23.0
1473491	24.0
1474066	23.0
1474176	24.0
1490523	25.0
1490538	24.0
1490993	25.0
1495055	24.0
1495659	25.0
1497908	24.0
1500642	25.0
1522298	24.0
1530382	25.0
1532654	24.0
1532728	25.0
1533809	24.0
1534036	25.0
1534216	24.0
1535941	25.0
1536642	24.0
1536831	25.0
1536847	24.0
1536871	25.0
1537415	24.0
1537467	25.0
1537541	24.0
1537706	25.0
1547197	23.0
1547198	20.0
1547199	16.0
1547200	8.0
1547201	4.0
1547202	2.0
1547203	1.0
1547642	25.0
1547650	25.0
1547651	23.0
1547652	20.0
1547653	25.0
1548278	23.0
1548279	20.0
1548280	16.0
1548281	8.0
1548282	4.0
1548283	2.0
1548284	1.0
1548372	25.0
1550097	24.0
1550121	22.0
1550122	19.0
1550123	15.0
1550124	7.0
1550125	3.0
1550126	2.0
1550127	1.0
1550146	2.0
1550681	25.0
1550689	25.0
1550690	23.0
1550691	20.0
1550692	16.0
1550693	8.0
1550694	4.0
1550695	3.0
1550696	2.0
1550809	1.0
1550914	24.0
1550922	24.0
1550923	22.0
1550924	19.0
1550925	15.0
1550926	7.0
1550927	3.0
1550928	2.0
1550929	1.0
1551608	2.0
1551638	25.0
1552652	24.0
1553360	25.0
1553376	24.0
1553385	25.0
1553398	24.0
1553601	22.0
1553602	19.0
1553603	15.0
1553604	7.0
1553605	3.0
1553606	2.0
1553607	1.0
1553664	24.0
1553672	24.0
1553673	22.0
1553674	19.0
1553675	15.0
1553676	7.0
1553677	3.0
1553678	2.0
1553679	1.0
1554237	2.0
1554252	1.0
1554285	2.0
1554429	25.0
1554717	24.0
1554954	25.0
1555334	24.0
1555596	21.0
1555597	19.0
1555598	15.0
1555599	7.0
1555600	3.0
1555601	2.0
1555602	1.0
1555967	2.0
1555981	1.0
1556085	2.0
1556099	1.0
1556227	24.0
1556235	24.0
1556236	21.0
1556237	19.0
1556238	15.0
1556239	7.0
1556240	3.0
1556241	2.0
1556242	1.0
1556802	24.0
1556888	25.0
1556902	24.0
1557066	25.0
1557081	24.0
1557142	25.0
1560044	22.0
1560045	20.0
1560046	16.0
1560047	8.0
1560048	4.0
1560049	3.0
1560050	2.0
1573468	1.0
1625769	0.0
1631060	1.0
1632072	0.0
1632136	1.0
1635687	0.0
1636153	1.0
1639270	0.0
1639457	1.0
1639473	0.0
1639771	1.0
1641196	0.0
1641669	1.0
1641685	0.0
1641884	1.0
1642014	0.0
1642229	1.0
1642890	0.0
1643110	1.0
1643882	0.0
1644041	1.0
1644448	0.0
1715004	2.0
1717612	1.0
1717613	0.0
1717743	2.0
1717758	1.0
1717759	0.0
1717890	2.0
1718477	1.0
1718478	0.0
1718644	1.0
1719678	2.0
1720374	1.0
1720375	0.0
1720407	2.0
1730297	1.0
1731236	2.0
2052710	1.0
2052788	2.0
2053453	1.0
2053747	2.0
2053763	1.0
2054084	2.0
2054635	1.0
2054644	2.0
2062294	1.0
2062430	2.0
2062446	1.0
2063432	2.0
2063447	1.0
2063623	2.0
2064339	1.0
2064750	2.0
2064765	1.0
2065081	2.0
2074192	1.0
2222755	3.0
2223758	2.0
2223759	1.0
2224931	3.0
2225627	2.0
2225628	1.0
2225847	3.0
2225861	2.0
2225862	1.0
2226080	3.0
2232152	2.0
2232153	1.0
2244085	3.0
2244470	2.0
2244471	1.0
2244690	3.0
2263867	2.0
2264649	3.0
2264663	2.0
2266066	3.0
2266081	2.0
2266392	3.0
2266406	2.0
2266454	3.0
2267280	2.0
2268949	3.0
2271847	2.0
2272175	3.0
2272700	2.0
2274337	3.0
2275425	2.0
2275911	3.0
2276399	2.0
2277372	3.0
2277386	2.0
2277813	3.0
2278196	2.0
2279016	3.0
2279030	2.0
2279917	3.0
2279932	2.0
2280368	3.0
2280780	2.0
2281179	3.0
2281194	2.0
2282168	3.0
2282774	2.0
2282805	3.0
2283645	2.0
2284323	3.0
2287101	2.0
2290006	3.0
2290726	2.0
2292418	3.0
2292557	2.0
2293446	3.0
2293460	2.0
2293470	3.0
2293485	2.0
2293570	3.0
2293584	2.0
2295970	3.0
2296141	2.0
2349048	3.0
2350240	2.0
2350748	3.0
2351999	2.0
2352596	3.0
2352949	2.0
2353090	3.0
2355569	2.0
2358427	3.0
2360083	2.0
2360089	3.0
2360103	2.0
2360621	3.0
2360635	2.0
2360790	3.0
2361013	2.0
2362750	3.0
2362764	2.0
2362953	3.0
2364456	2.0
2369263	3.0
2374677	2.0
2374742	3.0
2375043	2.0
2375162	3.0
2375176	2.0
2376464	3.0
2377314	2.0
2380064	3.0
2384534	2.0
2406811	1.0
2407402	2.0
2407418	1.0
2407696	2.0
2410020	1.0
2410097	2.0
2410658	1.0
2410995	2.0
2411010	1.0
2411302	2.0
2411318	1.0
2411654	2.0
2411669	1.0
2411699	2.0
2411714	1.0
2411852	2.0
2411868	1.0
2411979	2.0
2412582	1.0
2412908	2.0
2414945	1.0
2415171	2.0
2528215	3.0
2528273	2.0
2528640	3.0
2532654	2.0
2533055	3.0
2533733	2.0
2533974	3.0
2534652	2.0
2534718	3.0
2534732	2.0
2534979	3.0
2535541	2.0
2535784	3.0
2536402	2.0
2536698	3.0
2537304	2.0
2538417	3.0
2541079	2.0
2541291	3.0
2541987	2.0
2544737	3.0
2549059	2.0
2550138	3.0
2551005	2.0
2551054	3.0
2551747	2.0
2551974	3.0
2552653	2.0
2552900	3.0
2553487	2.0
2553783	3.0
2554434	2.0
2556458	3.0
2557158	2.0
2559657	3.0
2559881	2.0
2560087	3.0
2560741	2.0
2564898	3.0
2566163	2.0
2566862	3.0
2566877	2.0
2566986	3.0
2570576	2.0
2573021	3.0
2573478	2.0
2573856	3.0
2574386	2.0
2575510	3.0
2576367	2.0
2581345	3.0
2583971	2.0
2584098	3.0
2584113	2.0
2584145	3.0
2584160	2.0
2584408	3.0
2584549	2.0
2584550	3.0
2586388	2.0
2587269	3.0
2587284	2.0
2588985	3.0
2589920	2.0
2591023	3.0
2591038	2.0
2591315	3.0
2591329	2.0
2654053	1.0
2654572	2.0
2655125	1.0
2655538	2.0
2662139	1.0
2662296	2.0
2662312	1.0
2662910	2.0
2663255	1.0
2663521	2.0
2666452	1.0
2666898	2.0
2667732	1.0
2667825	2.0
2667841	1.0
2669835	2.0
2670412	1.0
2670506	2.0
2673015	1.0
2673062	2.0
2673077	1.0
2673489	2.0
2674711	1.0
2674943	2.0
2675461	1.0
2677730	2.0
2677745	1.0
2738975	2.0
2740555	1.0
2740710	2.0
2748070	1.0
2748071	0.0
2748339	2.0
2749137	1.0
2749303	2.0
2749429	1.0
2749460	2.0
2749474	1.0
2749899	2.0
2750629	1.0
2750646	2.0
2750857	1.0
2752402	0.0
2753855	1.0
2753870	0.0
2754235	1.0
2754250	0.0
2754315	1.0
2754330	0.0
2754591	1.0
2754999	0.0
2755493	1.0
2762024	2.0
2765293	3.0
2765850	2.0
2819451	3.0
2819486	2.0
2819556	3.0
2820537	2.0
2824130	1.0
2824408	2.0
2826760	1.0
2827198	2.0
2827845	1.0
2828606	2.0
2828621	1.0
2829012	2.0
2834929	1.0
2835173	2.0
2835882	1.0
2836018	2.0
2836894	1.0
2837996	2.0
2838869	1.0
2839238	2.0
2839252	1.0
2839698	2.0
2840336	1.0
3258251	2.0
3258919	1.0
3258949	2.0
3258964	1.0
3259339	2.0
3259805	1.0
3260678	2.0
3260694	1.0
3261431	2.0
3261447	1.0
3261808	2.0
3262534	1.0
3263305	0.0
3263350	1.0
3264039	2.0
3267055	1.0
3267254	2.0
3267732	1.0
3267942	2.0
3273974	1.0
3274214	2.0
3274229	1.0
3274374	2.0
3274535	1.0
3277597	2.0
3277613	1.0
3277647	2.0
3277663	1.0
3278399	2.0
3278520	1.0
3278881	2.0
3279555	1.0
3279881	2.0
3280331	1.0
3280608	2.0
3281238	1.0
3281299	2.0
3281488	1.0
3281522	2.0
3281538	1.0
3282514	2.0
3283103	1.0
3283481	2.0
3283822	1.0
3350392	0.0
3351440	1.0
3351455	0.0
3352216	1.0
3352231	0.0
3352570	1.0
3352774	2.0
3353283	1.0
3353302	0.0
3353566	1.0
3353582	0.0
3353984	2.0
3353998	1.0
3353999	0.0
3354219	1.0
3354302	2.0
3359555	1.0
3428543	2.0
3430856	1.0
3433405	2.0
3433523	1.0
3434659	2.0
3437168	1.0
3437545	2.0
3439468	1.0
3440502	2.0
3440517	1.0
3441808	0.0
3441985	1.0
3442001	0.0
3442364	1.0
3442658	0.0
3442831	1.0
3442846	0.0
3442857	1.0
3443522	0.0
3443545	1.0
3443561	0.0
3443738	1.0
3443739	2.0
3444706	1.0
3444707	0.0
3444877	1.0
3445240	0.0
3457697	1.0
3458450	0.0
3458635	1.0
3458650	0.0
3511445	17.0
3511454	16.0
3511455	13.0
3511456	10.0
3511457	5.0
3511458	3.0
3511459	2.0
3511460	1.0
3511461	0.0
3518980	1.0
3519063	2.0
3522253	1.0
3522254	0.0
3522297	2.0
3522436	1.0
3522508	2.0
3523152	1.0
3523183	2.0
3523197	1.0
3523228	2.0
3528890	1.0
3529346	2.0
3529535	1.0
3535784	2.0
3535798	1.0
3536051	2.0
3537247	1.0
3537478	2.0
3537494	1.0
3537575	2.0
3537590	1.0
3537627	2.0
3537643	1.0
3537911	0.0
3538672	1.0
3538687	0.0
3539213	1.0
3539228	0.0
3539897	1.0
3541304	0.0
3541459	1.0
3541475	0.0
3541517	1.0
3541532	0.0
3542030	1.0
3542101	0.0
3542197	1.0
3542212	0.0
3602519	1.0
3603041	2.0
3603549	1.0
3603698	2.0
3605324	1.0
3605380	0.0
3605600	2.0
3607286	1.0
3607287	0.0
3607321	2.0
3607335	1.0
3607336	0.0
3607612	2.0
3607771	1.0
3607772	0.0
3607796	2.0
3608819	1.0
3608820	0.0
3609744	2.0
3609759	1.0
3609760	0.0
3609812	2.0
3609827	1.0
3609828	0.0
3609966	2.0
3611680	1.0
3611777	2.0
3615419	1.0
3620571	0.0
3621041	1.0
3621076	2.0
3621249	1.0
3621745	2.0
3621780	1.0
3621781	0.0
3621793	2.0
3622167	1.0
3622168	0.0
3622664	1.0
3622804	2.0
3623294	1.0
3623468	2.0
3623484	1.0
3623618	2.0
3623634	1.0
3623652	2.0
3623780	1.0
3624227	0.0
3624456	1.0
3624986	0.0
3625374	1.0
3625699	0.0
3627415	1.0
3627430	0.0
3627539	1.0
3949552	0.0
3949856	1.0
3950688	0.0
3951271	1.0
3951847	0.0
3952129	1.0
3952231	0.0
3952314	1.0
3952330	0.0
3952883	1.0
3969441	0.0
3969763	1.0
3969779	0.0
3970097	1.0
3970789	0.0
3970977	1.0
3971652	0.0
3971897	1.0
3972312	0.0
3972466	1.0
4038071	0.0
4038126	1.0
4038892	0.0
4038925	1.0
4038940	0.0
4039401	1.0
4039593	0.0
4039739	1.0
4041026	0.0
4041726	1.0
4042283	0.0
4042383	1.0
4042399	0.0
4042629	1.0
4043207	0.0
4043506	1.0
4044177	0.0
4044423	1.0
4044438	0.0
4045302	1.0
4046060	0.0
4046128	1.0
4046144	0.0
4046498	1.0
4046844	0.0
4046929	1.0
4046944	0.0
4047104	1.0
4048639	0.0
4048903	1.0
4052054	0.0
4053514	1.0
4054318	0.0
4054704	1.0
4054966	0.0
4055030	1.0
4055904	0.0
4056112	1.0
4056127	0.0
4056513	1.0
4056666	0.0
4056796	1.0
4056812	0.0
4059807	1.0
4060315	0.0
4737118	1.0
4737232	0.0
4737715	1.0
4737731	0.0
4738340	1.0
4739092	0.0
4739332	1.0
4742695	0.0
4743321	1.0
4743336	0.0
4744025	1.0
4744040	0.0
4744867	1.0
4745181	0.0
4746007	1.0
4746023	0.0
4746635	1.0
4747962	0.0
4748468	1.0
4751217	0.0
4752169	1.0
4752184	0.0
4752755	1.0
4753021	0.0
4828042	1.0
4828630	0.0
4828951	1.0
4828966	0.0
4829121	1.0
4829136	0.0
4829298	1.0
4832576	0.0
4833013	1.0
4833538	0.0
4833582	1.0
4833838	0.0
4834456	1.0
4834552	0.0
4835024	1.0
4835211	0.0
