2244658	26.0
2245768	25.0
2245769	22.0
2245770	15.0
2245771	6.0
2245772	1.0
2245773	0.0
2821934	21.0
2821945	18.0
2821946	12.0
2821947	5.0
2821948	1.0
2821949	0.0
2821960	21.0
2821971	18.0
2821972	12.0
2821973	5.0
2821974	1.0
2821975	0.0
2821987	21.0
2821998	18.0
2821999	12.0
2822000	5.0
2822001	1.0
2822002	0.0
2822014	21.0
2822025	18.0
2822026	12.0
2822027	5.0
2822028	1.0
2822029	0.0
2822041	21.0
2822052	18.0
2822053	12.0
2822054	5.0
2822055	1.0
2822056	0.0
2822068	21.0
2824722	20.0
2824935	21.0
2825633	20.0
2827432	21.0
2827446	20.0
2828038	21.0
2828042	22.0
2828055	21.0
2828068	22.0
2828095	21.0
2828096	20.0
2829204	19.0
2829205	18.0
2829233	20.0
2830066	19.0
2830067	18.0
2830428	20.0
2830434	20.0
2830440	19.0
2830441	18.0
2830557	20.0
2830903	19.0
2830904	18.0
2835698	22.0
2835767	21.0
2835768	20.0
2835769	19.0
2835770	18.0
2837108	17.0
2848714	16.0
2848715	11.0
2848716	5.0
2848717	1.0
2848718	0.0
3077772	1.0
3077804	0.0
3077820	1.0
3077836	0.0
3115909	18.0
3117075	17.0
3117076	13.0
3117077	10.0
3117078	6.0
3117079	3.0
3117080	1.0
3117081	0.0
3118079	18.0
3118244	17.0
3118245	13.0
3118246	10.0
3118247	6.0
3118248	3.0
3118249	1.0
3118250	0.0
3118812	18.0
3119144	17.0
3119145	13.0
3119146	10.0
3119147	6.0
3119148	3.0
3119149	1.0
3119150	0.0
3527636	17.0
3528069	16.0
3528070	13.0
3528071	12.0
3528072	10.0
3528073	7.0
3528074	4.0
3528075	1.0
3528076	0.0
4299611	2.0
4299665	1.0
4299666	0.0
4662005	15.0
4662051	16.0
4662065	15.0
4662159	16.0
4662173	15.0
4662201	14.0
4662204	13.0
4662205	11.0
4662206	5.0
4662207	1.0
4662208	0.0
4667631	15.0
4667709	13.0
4667710	9.0
4667711	7.0
4667712	5.0
4667713	1.0
4667714	0.0
4667889	15.0
4667899	13.0
4667900	10.0
4667901	8.0
4667902	5.0
4667903	3.0
4667904	1.0
4667905	0.0
4736238	1.0
4736264	0.0
4736272	1.0
4736297	0.0
4739796	1.0
4739840	0.0
