3077772	1.0
3077804	0.0
3077820	1.0
3077836	0.0
3440279	18.0
3440779	17.0
3440816	18.0
3440835	17.0
3440875	18.0
3440887	19.0
3440921	20.0
3441061	22.0
3441066	22.0
3441072	21.0
3441073	20.0
3441102	19.0
3441152	18.0
3441265	19.0
3441279	18.0
3442520	17.0
3442522	15.0
3442523	8.0
3442524	2.0
3442525	0.0
3442566	18.0
3442576	17.0
3442577	16.0
3442578	12.0
3442579	7.0
3442580	1.0
3442581	0.0
3442680	18.0
3442983	20.0
3443562	19.0
3443563	18.0
3444432	19.0
3444446	18.0
3444454	19.0
3444468	18.0
3444481	19.0
3444495	19.0
3444505	20.0
3444508	19.0
3444509	18.0
3444518	17.0
3444614	18.0
3444630	17.0
3444653	19.0
3444665	18.0
3444666	17.0
3444740	18.0
3445441	20.0
3445601	19.0
3445602	18.0
3445883	20.0
3446147	19.0
3446434	20.0
3446586	21.0
3446608	19.0
3446609	18.0
3446638	21.0
3446746	20.0
3446747	19.0
3446748	18.0
3446789	19.0
3446800	18.0
3446919	17.0
3447076	18.0
3447087	17.0
3447164	18.0
3447483	20.0
3447496	19.0
3447497	18.0
3447563	20.0
3447954	19.0
3447955	18.0
3447975	20.0
3448333	19.0
3448418	20.0
3449273	19.0
3449394	20.0
3451062	19.0
3451064	18.0
3451065	16.0
3451066	13.0
3451067	12.0
3451081	20.0
3451088	20.0
3451090	19.0
3451092	18.0
3451093	16.0
3451094	13.0
3451095	12.0
3451149	20.0
3451158	19.0
3451160	18.0
3451161	16.0
3451162	13.0
3451163	12.0
3451237	20.0
3451648	18.0
3451649	17.0
3451650	15.0
3451651	20.0
3451892	21.0
3452022	20.0
3452249	19.0
3452325	18.0
3452443	17.0
3452494	18.0
3452552	17.0
3452553	16.0
3452554	14.0
3452555	12.0
3452556	11.0
3452571	18.0
3452575	18.0
3452578	17.0
3452579	16.0
3452580	14.0
3452581	12.0
3452582	11.0
3452614	12.0
3452628	11.0
3452639	18.0
3452652	19.0
3452699	18.0
3452701	17.0
3452702	15.0
3452703	12.0
3452704	10.0
3452705	9.0
3452710	19.0
3452720	18.0
3452722	17.0
3452723	14.0
3452724	10.0
3452725	9.0
3452757	10.0
3452764	20.0
3452772	19.0
3452774	19.0
3452858	20.0
3452873	19.0
3452998	17.0
3452999	16.0
3453000	14.0
3453001	12.0
3453002	11.0
3453026	10.0
3453027	9.0
3453080	19.0
3453084	20.0
3453261	19.0
3453262	18.0
3453330	20.0
3453344	19.0
3453345	18.0
3453347	17.0
3453998	16.0
3453999	15.0
3454000	13.0
3454001	12.0
3454002	11.0
3454262	17.0
3454274	16.0
3454275	15.0
3454276	12.0
3454277	11.0
3454618	17.0
3455912	16.0
3455913	15.0
3455914	13.0
3455915	12.0
3455916	11.0
3456044	17.0
3456667	16.0
3456668	15.0
3456669	13.0
3456670	12.0
3456671	11.0
3456681	17.0
3456689	16.0
3456690	15.0
3456691	13.0
3456692	12.0
3456693	11.0
3456729	17.0
3456737	16.0
3456738	15.0
3456739	13.0
3456740	12.0
3456741	11.0
3457259	17.0
3457600	16.0
3457778	17.0
3457786	16.0
3457791	15.0
3457792	13.0
3457793	12.0
3457794	11.0
3458530	16.0
3511450	17.0
3511461	16.0
3527637	17.0
3528076	16.0
4035970	17.0
4035984	16.0
4038488	17.0
4038509	16.0
4048714	17.0
4049078	16.0
4059052	16.0
4059053	15.0
4059054	12.0
4059055	11.0
4059056	9.0
4059057	6.0
4059058	2.0
4059059	1.0
4059061	16.0
4059071	15.0
4059072	12.0
4059073	11.0
4059074	9.0
4059075	6.0
4059076	2.0
4059077	1.0
4059095	0.0
4059325	16.0
4059494	15.0
4059495	12.0
4059496	11.0
4059497	9.0
4059498	6.0
4059499	2.0
4059500	1.0
4059501	0.0
4061085	16.0
4062046	15.0
4062047	12.0
4062048	11.0
4062049	9.0
4062050	6.0
4062051	2.0
4062052	1.0
4062156	16.0
4063252	15.0
4063253	12.0
4063254	11.0
4063255	9.0
4063256	6.0
4063257	2.0
4063258	1.0
4063532	16.0
4065054	15.0
4065055	12.0
4065056	11.0
4065057	9.0
4065058	6.0
4065059	2.0
4065060	1.0
4065061	0.0
4550122	13.0
4553022	12.0
4553023	9.0
4553024	7.0
4553025	3.0
4553026	1.0
4553027	0.0
4553372	13.0
4553570	12.0
4553571	9.0
4553572	7.0
4553573	3.0
4553574	1.0
4553575	0.0
4553866	13.0
4553876	12.0
4553877	9.0
4553878	7.0
4553879	3.0
4553880	1.0
4553881	0.0
4554413	13.0
4554509	12.0
4554510	9.0
4554511	7.0
4554512	3.0
4554513	1.0
4554514	0.0
4554730	13.0
4555124	12.0
4555125	9.0
4555126	7.0
4555127	3.0
4555128	1.0
4555129	0.0
4635736	13.0
4635747	12.0
4635748	9.0
4635749	7.0
4635750	3.0
4635751	1.0
4635752	0.0
4635760	13.0
4635772	11.0
4635773	6.0
4635774	4.0
4635775	1.0
4635776	0.0
4635844	13.0
4635856	11.0
4635857	6.0
4635858	4.0
4635859	1.0
4635860	0.0
4636111	13.0
4636715	12.0
4636716	8.0
4636717	7.0
4636718	6.0
4636770	13.0
4637759	12.0
4637760	8.0
4637761	7.0
4637762	6.0
4637928	13.0
4639105	12.0
4639106	8.0
4639107	6.0
4639108	3.0
4639109	1.0
4639110	0.0
4664484	15.0
4665353	13.0
4665354	10.0
4665355	8.0
4665356	5.0
4665357	3.0
4665358	1.0
4665359	0.0
4665371	15.0
4665382	12.0
4665383	15.0
4665949	13.0
4665950	10.0
4665951	7.0
4665952	5.0
4665953	2.0
4665954	0.0
4671704	15.0
4671714	13.0
4671715	10.0
4671716	8.0
4671717	5.0
4671718	3.0
4671719	1.0
4671720	0.0
4671897	15.0
4671935	13.0
4671936	10.0
4671937	8.0
4671938	5.0
4671939	3.0
4671940	1.0
4671941	0.0
5265335	6.0
5265668	5.0
5265786	6.0
5265870	5.0
5266221	4.0
5266357	3.0
5266617	2.0
5266680	1.0
5266788	2.0
5266913	3.0
5267074	4.0
5268862	3.0
5268945	2.0
5268946	0.0
5268968	3.0
5268982	2.0
5268983	1.0
5268984	0.0
5331791	2.0
5331978	1.0
5331981	0.0
5423776	2.0
5423925	3.0
5424045	2.0
5424047	1.0
5424048	0.0
